#
3000
284
3219
2103
3134
2447
386
2625
1652
1998
3124
1472
3320
3259
2121
482
3061
979
1869
2126
3006
812
1617
440
3805
22
2100
2445
2479
1382
679
2823
3533
3912
1196
3808
2388
926
265
3779
1990
1406
3682
1464
1644
2405
1492
3596
1571
3944
721
557
2919
2938
3329
542
1632
365
1346
724
1440
3351
3256
3463
447
1227
664
3857
2275
3779
476
1830
1018
3983
3064
1971
3815
750
3001
1959
1241
661
1383
1129
1769
1164
2594
3985
1893
1925
3137
3844
1407
3630
2330
1780
401
787
1310
679
1098
3084
3575
2368
377
786
892
681
2904
584
2693
1646
946
306
1358
3108
1500
924
588
2736
65
3838
781
2780
1953
2478
3371
3709
3338
2434
3222
1272
3235
3017
3015
2888
980
254
2799
1745
141
43
2973
1719
1392
3941
1507
2503
121
1820
651
673
1837
412
553
129
2403
3649
3769
1958
3058
511
514
1572
3527
2865
2948
1650
2744
3357
1610
1229
826
720
2410
3627
963
950
3853
3204
1478
2166
3903
3331
3068
459
1325
1144
211
3060
6
566
3287
533
1939
2104
3531
635
2668
2066
2911
19
968
3282
1744
305
1570
113
161
3170
2063
535
750
3634
3193
747
1981
2624
549
596
2153
1931
1610
3743
2696
1031
3624
1347
3685
993
2827
2217
3743
3795
1374
2023
148
2913
1863
3628
2015
1130
3498
2678
47
150
3996
1819
3122
1580
998
2242
3866
3144
600
3002
54
291
267
765
1346
2924
1927
2330
1696
1541
1553
2019
2520
2201
3124
1536
1456
1863
2234
3226
3609
3279
751
1290
3082
456
617
3437
3771
320
32
204
748
3024
793
2622
2230
2453
1843
167
2161
921
2053
2531
2565
3303
1797
1760
716
3954
365
3132
110
1832
1019
1952
888
1911
3926
1023
1909
1897
3084
2009
3883
3372
644
560
1374
757
2003
716
1588
593
2192
2407
391
1682
3452
1469
1531
2949
2949
2271
1163
3084
1819
1084
1021
987
2089
1566
3205
1823
3182
1046
2486
3185
2844
2664
3944
1777
484
908
741
1084
2315
1819
1145
2573
2606
232
1895
3154
2770
659
3898
444
2268
2240
3431
3980
2258
2081
248
2236
3054
3025
398
269
655
2889
1050
1900
3986
2662
3255
839
1661
3990
395
1717
62
3349
529
1278
3369
2308
3590
3966
496
2641
3431
2740
1790
3970
1062
2663
453
3663
2044
3710
3625
3758
1900
2194
47
3599
3837
918
3489
2346
3188
1960
435
2647
2440
198
2301
3501
1276
3298
3416
1232
669
3062
2278
54
426
1162
2938
906
2958
1398
843
776
1362
3940
1139
2034
1477
1464
3753
2158
2755
2182
453
460
2072
3326
3730
1885
1460
84
2482
1575
1568
3343
2347
2492
1526
3232
2862
54
1065
2022
2229
2628
1944
3173
853
2057
2226
462
3195
3547
3159
2745
1530
2658
1318
3141
133
2129
761
2676
1132
3466
392
1302
820
2328
592
1362
3028
2091
527
3515
3740
3443
881
499
1911
791
99
1624
611
2177
3906
1754
1665
3020
1255
174
3949
3565
1270
554
2616
2178
3727
866
3305
3649
2034
1722
1805
2979
138
2000
1241
205
3512
370
1917
3405
718
604
2717
435
3494
2298
2342
1473
3855
1993
2457
910
3943
66
2764
2553
1352
3587
3591
1755
3080
2029
2498
52
3337
3621
3469
549
1802
1539
867
3549
2858
2055
3213
58
2566
2857
1785
1752
1875
764
2730
2583
3456
3957
3069
1980
2699
2998
160
3360
2602
3445
3050
1552
279
2987
3508
1134
2919
3847
1750
3621
1214
175
1152
3666
3538
2806
1235
1912
776
3050
1772
56
719
1723
1175
3312
2456
2030
3782
1858
842
2912
2936
1577
317
3613
1151
3267
3406
3749
642
3395
2418
1355
3819
3000
1227
42
1763
726
1916
3625
8
2269
2651
936
52
570
3264
1979
3458
3153
47
3478
2807
2794
430
553
1524
580
379
880
1418
1451
1566
3771
1849
3915
3448
1491
575
44
2133
3227
2954
923
1126
2924
2988
14
3229
447
328
3918
1902
496
2667
3129
2725
3677
483
100
3477
471
2322
537
1971
2453
3260
1445
226
2091
1461
1792
3581
2046
3697
2624
1451
2942
660
1906
2434
3199
277
189
3747
3902
439
3459
3143
2593
3029
405
1532
661
2050
854
928
3053
250
417
3339
3576
2674
1958
146
2938
3823
1603
2692
3090
3572
3845
2181
1533
969
408
2092
3800
559
3538
1379
2769
1008
459
2841
2487
804
1431
2072
2308
467
1510
3408
1341
1472
2946
309
208
596
2900
393
2391
573
699
443
3526
3288
1967
2738
3862
524
1860
2170
3068
203
510
466
847
2922
3281
542
563
627
585
3434
3038
1171
736
1984
1801
1549
3816
2758
1438
3093
3512
182
2796
1312
3048
3023
2348
1091
2548
2123
734
2419
1824
1211
3266
2672
3636
2117
506
1945
1673
421
2625
1427
3728
2930
241
3860
1203
502
3548
3089
2133
3875
1043
3853
1128
3720
1711
1236
604
294
3417
2350
1610
47
3720
2888
3346
449
2855
122
144
2266
3047
3481
1766
3201
3897
2401
2287
433
2176
3695
1260
1483
1880
1951
1684
2134
775
427
2743
1039
86
1719
3037
1339
52
1376
1674
2705
2650
3821
1036
3577
1429
9
2021
1208
318
3922
518
2454
638
1865
3636
3040
2539
1789
1938
3758
2604
911
1221
669
2476
1621
331
2008
1003
2508
83
2372
492
3198
3355
3526
2648
345
1490
1304
1480
459
767
3830
1415
3957
1622
2655
3701
184
2319
1638
2905
1650
1545
1199
3407
1995
3493
2039
1630
2207
3004
1127
1046
3391
1852
2648
1205
455
1202
161
3627
860
1322
2589
516
3725
1330
3454
3197
2427
3175
3244
2218
3599
502
3842
3248
74
404
1153
3186
1782
1920
1143
2202
1872
2092
1573
1235
3194
2943
1233
3849
2497
2826
1833
3437
3074
914
1975
262
2005
2886
3151
1559
1429
3236
688
2112
181
3625
2034
729
54
324
368
757
3825
614
160
3959
681
2628
3391
2044
793
3478
2300
753
2611
668
3080
2393
2690
3281
2414
2275
1079
763
2034
1180
2753
2127
2322
1637
86
3782
61
2203
1833
2344
3400
3259
116
1055
2263
3990
1862
3312
2024
3036
2311
3028
1889
2855
3376
3689
2767
3134
783
1880
3905
2438
3843
2095
2377
2882
3038
625
3522
2292
3448
249
3920
675
3252
591
2546
3494
3670
3343
2876
49
3494
18
1724
2811
3208
1704
122
2084
2391
1616
1479
2411
3477
1224
3519
1239
155
2603
1354
1605
147
2296
3994
2469
3010
1525
2842
979
398
3932
2891
1075
769
3778
2077
699
2444
1502
557
2242
3997
2363
2261
1920
839
3593
3264
1164
3665
3073
1397
3290
3651
1992
3094
3801
623
2597
1039
3749
1448
2098
1981
41
972
1373
2380
3115
2207
2196
1369
2763
3395
646
948
1925
979
2712
3829
587
3637
714
1678
811
439
282
1841
1209
1978
373
2961
1591
197
3008
3853
346
3752
3974
661
3348
1266
1204
2626
1440
3407
1116
3521
1894
1288
1840
1777
596
671
3096
2986
1219
424
377
3552
3458
741
2706
883
3678
3036
65
1162
2801
3272
835
3397
131
596
1350
195
2267
2067
3498
2330
1621
3369
2330
65
642
1326
3483
147
894
2652
1673
2383
1178
291
2221
1005
336
804
3501
532
2008
812
2823
337
344
283
3115
1734
2083
2923
3544
3729
3435
2945
2031
1801
3335
649
2956
246
2159
955
1520
3001
3788
1434
807
1989
1558
2345
3516
46
133
1733
3361
816
417
3017
2838
3087
3092
1457
23
1678
3650
3211
1749
3436
527
2543
919
282
2986
787
681
31
3759
1204
66
6
3804
1184
1508
1422
1329
3306
2817
1947
2990
1913
99
3991
1648
25
3021
751
3234
994
1063
1530
2931
1844
3726
3632
2058
1684
174
889
3651
1101
2700
1331
347
3858
1030
2542
831
3092
2444
1299
3898
1100
2776
3108
2328
2291
3967
3661
1263
315
623
2553
801
2
470
1099
1434
913
2141
666
2791
1635
1835
3493
2483
5
126
3999
406
651
2740
683
2444
965
3821
1613
3383
2270
3856
3045
1127
1379
693
1627
2674
2675
857
930
2846
1353
959
3622
1163
1304
695
2991
2169
1540
2212
1595
3384
2463
1525
3737
870
2045
806
450
655
2726
3374
3093
440
2101
1064
1479
726
2894
2692
910
3183
353
1702
2368
3374
1260
3801
3312
3525
2941
878
2152
2252
861
785
3132
2561
329
2409
238
1755
3959
3927
1994
2714
1710
2585
3614
3155
2907
1238
231
451
701
1450
1549
2623
532
1474
2508
20
3377
3546
1401
2642
2906
1719
163
2759
499
977
15
278
583
27
1431
1696
2418
2655
3941
15
3522
2834
3724
1209
24
1423
2608
1789
1522
298
207
3913
3945
2696
387
1288
349
3729
3830
1381
1957
65
3785
2200
98
844
926
2972
1860
3799
3165
1515
1744
2383
3752
2272
559
3175
9
3664
2868
2764
3392
2773
2070
2350
3546
707
209
3899
3643
2480
3701
3609
2652
3102
2282
1120
2527
1833
3766
3043
2954
1375
2915
3565
537
1918
2830
3491
3155
1280
2770
1793
650
3134
1638
497
2734
3176
1375
2266
2437
3885
511
3959
1880
2210
677
829
2742
2682
1848
1696
2358
1898
3309
3851
3679
307
86
1075
3448
567
1831
3592
3667
3443
323
1041
991
1675
461
777
1085
2606
1777
3617
3607
3134
2799
2065
798
2969
3027
3942
1571
520
3679
2467
1357
3343
2186
2562
574
72
1670
3164
361
994
3926
1626
394
3268
855
2481
59
199
1461
3461
1442
1599
3899
2944
1047
3262
2377
2155
3451
1394
585
2637
1733
2739
3362
2574
3549
2895
2244
2893
3013
1404
858
629
3245
1218
2007
847
857
1053
3547
136
3826
2496
1678
2546
2758
532
1256
2460
2189
772
1407
3984
1844
3729
1572
655
1986
2578
2279
3783
1099
442
427
1106
2386
3252
674
3002
2601
3429
3887
3064
1916
3057
1138
3457
1961
3028
1153
2606
253
2894
3985
371
682
950
2434
1253
285
3275
406
2177
3111
835
643
679
831
2711
2182
115
1784
93
1439
3083
867
684
11
2911
851
810
1169
2022
750
3397
1986
2720
3918
3416
1288
1645
1690
647
3184
2665
2281
2909
3427
2003
2311
3868
3239
2099
3303
848
204
2441
2002
2192
3988
2094
3259
3436
2456
1557
3888
3762
3658
2768
591
510
3219
2372
1528
1385
465
3382
3637
2906
84
856
3919
2156
813
2385
1264
3421
2988
1510
3828
699
3379
55
2194
769
375
1485
1718
3382
1846
770
2673
2307
3887
1685
3450
431
2788
1062
1696
1622
2418
1388
958
3755
2544
2228
443
3068
1081
1273
3307
3887
830
2362
2896
2205
3246
655
3220
2028
529
2059
1332
667
3021
3896
3016
1909
47
1682
712
3633
3847
3844
2918
3316
2562
2279
1136
1332
2010
1698
3741
715
2062
3623
3228
2
2247
2702
3089
1528
3216
1632
2755
1838
3256
1535
1470
1509
694
2246
2254
1255
476
737
1738
2512
30
3254
140
407
312
1393
2638
2646
3616
1590
1367
713
284
2499
2541
1374
2406
1841
1503
1311
3486
435
3173
3912
57
1827
2845
1178
727
3955
986
369
1506
2072
2311
295
1289
2447
2610
579
716
1195
1366
2525
2319
2226
1507
2369
3724
1581
2135
2041
2840
3647
3311
2231
215
561
695
2093
2820
444
2471
1747
3773
45
549
3407
2311
1488
3117
688
1615
26
3696
3944
1643
3852
2300
2884
2450
3918
2699
2907
3656
376
2965
2773
1272
2003
777
1288
3271
1956
2024
3460
2474
2420
1676
961
2024
3394
3196
438
1941
2321
3416
66
635
3527
1629
2839
597
1987
2120
3203
2787
3999
3578
3511
1511
1536
3231
596
2514
2064
3544
2411
554
319
419
1090
547
3613
2550
2901
576
1177
522
683
3800
1142
2249
3034
1476
2914
2742
401
876
1689
1694
645
841
2250
412
3827
1485
890
1920
781
3054
2708
2820
3848
1941
3472
1819
58
3364
3685
373
3478
3856
3699
2948
1278
830
3505
2451
316
2482
1988
470
1832
2330
3746
2741
1634
1405
3547
1523
3278
3470
3735
3893
2838
875
574
2157
167
1300
3546
2501
706
2628
1578
3920
188
3731
2719
387
3914
2832
3211
1305
3119
1049
681
1977
2285
2664
758
3345
1372
3638
830
3701
3194
1612
3315
2182
3666
3943
3262
2735
2496
1930
1403
947
2580
2871
3489
753
2928
3439
3263
566
3291
3092
1946
2493
3437
2364
1071
1572
502
2929
1577
3918
3330
344
1516
3643
1732
2912
2890
186
410
888
939
669
183
1177
2243
1827
2551
1360
3999
1290
570
3933
3205
3481
1709
1563
2213
3826
3608
17
133
3451
2405
599
651
3775
3974
818
1234
3384
2502
2121
1360
632
1493
2273
2755
1087
2039
2573
1085
2216
2359
736
875
1924
3651
2177
2201
1972
1239
2063
496
2453
2722
3894
2109
2225
3073
3062
2909
2752
1085
304
415
2396
2374
41
1330
1631
3776
3141
3534
1354
1991
3917
406
786
3317
1028
1658
2671
228
3152
3493
3358
47
1481
1383
2996
3113
2174
894
1486
1398
3986
2434
3758
3352
12
3185
297
1905
3473
2824
550
2255
2903
340
2046
2243
1684
3236
272
3026
858
2860
3673
496
298
2438
2991
3473
1034
592
2279
2036
3476
1806
3289
668
509
469
3175
1333
1075
978
511
3762
1427
2328
3862
421
1258
3632
732
2224
2103
1116
674
756
3548
2564
816
3131
703
1241
458
787
450
1023
1814
1688
2938
1189
650
2978
3072
1708
554
3805
1569
1504
3851
2810
596
1055
2097
1370
1486
676
1786
1000
3161
941
2947
1341
2712
3083
86
1229
214
3294
2972
3058
588
3380
1603
131
1121
1119
759
938
2822
3148
1242
543
2499
164
89
3617
1950
2435
3621
3156
2616
2020
1603
1568
3129
1546
3801
1475
1554
3108
1241
2557
551
222
1896
202
378
2160
1227
3096
1342
2818
1796
3613
14
3988
2062
3472
2620
2676
2314
3879
248
1869
732
1078
755
1770
2289
526
3398
221
1192
2242
1973
3414
2585
3704
2656
3670
3623
71
2927
3455
3937
1092
1427
2396
3994
2904
159
3793
3424
782
3146
3848
882
3224
2872
3958
1831
2043
1201
898
1547
1705
537
2467
3001
1195
2114
2448
3139
1974
947
620
41
19
1792
2888
141
3226
3419
1253
2786
3331
3185
1683
3851
1650
2998
541
277
2414
4
481
3679
164
1655
803
24
2577
2472
1323
435
1802
274
3353
713
3542
1850
3824
3556
2023
2656
1436
1713
2297
45
996
2127
59
1651
2119
633
3438
1485
796
313
3685
2074
1849
1727
1820
405
2421
789
700
267
1716
1788
2866
3249
3501
1192
1788
2963
589
2336
2551
1593
3735
3667
3291
133
442
268
3501
1230
2367
3947
1850
3559
311
1293
1180
1152
787
1810
1977
1083
3960
3370
1528
3983
690
534
295
2808
2572
2050
1236
2214
3163
2545
3700
699
2069
3305
1104
967
1300
699
2836
1504
1890
1285
68
1306
3018
739
1802
1127
1951
2218
3999
2500
945
1053
2054
3079
1097
2377
2278
2541
2588
3199
929
3423
2674
2210
921
2195
3157
3623
700
1699
2742
160
2814
2971
1091
1364
1626
2801
1770
3388
3285
1487
1074
2453
3084
3439
1389
2058
912
168
2580
2614
1044
3738
2897
29
1455
792
1415
891
1921
1504
104
236
595
2918
1436
1222
1750
1350
1542
2045
2016
2941
871
2436
3920
2837
3973
2628
2092
85
3611
796
2333
1651
2788
823
1930
1005
974
3634
842
130
157
3586
1102
2559
996
502
27
968
3247
3345
3821
2662
2116
3552
499
2124
406
3655
94
2570
1167
889
2551
3826
3733
2544
1327
3352
114
3057
3618
1158
1351
634
2657
229
737
3095
2679
863
3340
3497
1258
111
1730
3258
1110
1777
3526
1552
3250
137
1549
3314
3681
2891
1732
723
3669
1496
1740
2760
2578
3641
466
3302
3778
1282
2830
2212
757
3893
1339
2481
3220
3192
2631
1160
1226
1728
1256
2095
1997
2034
2769
1752
2835
1073
1664
82
1819
872
1205
3885
947
1927
3361
1813
2037
2364
1735
2935
3262
1439
863
1074
642
761
38
293
1467
2169
662
53
2462
997
2666
3346
2464
601
1519
1654
1568
2057
2349
3882
3273
1114
2700
2556
3310
1231
2396
411
2976
1794
2745
1413
2065
1594
964
2466
2165
1254
2305
2849
3043
1231
3115
2201
494
3340
2380
3947
1078
1924
3262
709
1546
1108
360
1974
2578
2069
3181
1786
3552
808
196
1996
233
3764
2863
2977
3346
1167
2006
3521
562
1174
26
3461
3559
2564
2095
1229
310
2527
251
64
1529
931
460
740
711
2476
720
2079
1928
931
3038
938
1830
1144
623
124
2389
2389
3758
2092
473
947
697
2606
2428
2759
1504
1465
2794
2300
1838
3180
3601
1594
1352
3827
652
3206
2034
3649
2930
3061
379
879
3498
546
1154
3254
2628
854
2669
2510
1869
1242
1082
777
1621
1181
188
1974
2852
413
1431
3915
2976
1859
2085
2666
3654
2760
3439
306
1368
1948
2989
1180
2977
2237
3922
3263
3611
617
1664
1868
191
1985
1368
3305
3493
1398
2847
3443
722
1002
124
855
2056
473
3126
1417
868
1092
1676
1673
3916
3679
682
2593
1660
2152
2596
1874
1560
2677
3119
1921
1
2
3
4
5
6
7
8
9
10
11
12
13
14
15
16
17
18
19
20
21
22
23
24
25
26
27
28
29
30
31
32
33
34
35
36
37
38
39
40
41
42
43
44
45
46
47
48
49
50
51
52
53
54
55
56
57
58
59
60
61
62
63
64
65
66
67
68
69
70
71
72
73
74
75
76
77
78
79
80
81
82
83
84
85
86
87
88
89
90
91
92
93
94
95
96
97
98
99
100
101
102
103
104
105
106
107
108
109
110
111
112
113
114
115
116
117
118
119
120
121
122
123
124
125
126
127
128
129
130
131
132
133
134
135
136
137
138
139
140
141
142
143
144
145
146
147
148
149
150
151
152
153
154
155
156
157
158
159
160
161
162
163
164
165
166
167
168
169
170
171
172
173
174
175
176
177
178
179
180
181
182
183
184
185
186
187
188
189
190
191
192
193
194
195
196
197
198
199
200
201
202
203
204
205
206
207
208
209
210
211
212
213
214
215
216
217
218
219
220
221
222
223
224
225
226
227
228
229
230
231
232
233
234
235
236
237
238
239
240
241
242
243
244
245
246
247
248
249
250
251
252
253
254
255
256
257
258
259
260
261
262
263
264
265
266
267
268
269
270
271
272
273
274
275
276
277
278
279
280
281
282
283
284
285
286
287
288
289
290
291
292
293
294
295
296
297
298
299
300
301
302
303
304
305
306
307
308
309
310
311
312
313
314
315
316
317
318
319
320
321
322
323
324
325
326
327
328
329
330
331
332
333
334
335
336
337
338
339
340
341
342
343
344
345
346
347
348
349
350
351
352
353
354
355
356
357
358
359
360
361
362
363
364
365
366
367
368
369
370
371
372
373
374
375
376
377
378
379
380
381
382
383
384
385
386
387
388
389
390
391
392
393
394
395
396
397
398
399
400
401
402
403
404
405
406
407
408
409
410
411
412
413
414
415
416
417
418
419
420
421
422
423
424
425
426
427
428
429
430
431
432
433
434
435
436
437
438
439
440
441
442
443
444
445
446
447
448
449
450
451
452
453
454
455
456
457
458
459
460
461
462
463
464
465
466
467
468
469
470
471
472
473
474
475
476
477
478
479
480
481
482
483
484
485
486
487
488
489
490
491
492
493
494
495
496
497
498
499
500
501
502
503
504
505
506
507
508
509
510
511
512
513
514
515
516
517
518
519
520
521
522
523
524
525
526
527
528
529
530
531
532
533
534
535
536
537
538
539
540
541
542
543
544
545
546
547
548
549
550
551
552
553
554
555
556
557
558
559
560
561
562
563
564
565
566
567
568
569
570
571
572
573
574
575
576
577
578
579
580
581
582
583
584
585
586
587
588
589
590
591
592
593
594
595
596
597
598
599
600
601
602
603
604
605
606
607
608
609
610
611
612
613
614
615
616
617
618
619
620
621
622
623
624
625
626
627
628
629
630
631
632
633
634
635
636
637
638
639
640
641
642
643
644
645
646
647
648
649
650
651
652
653
654
655
656
657
658
659
660
661
662
663
664
665
666
667
668
669
670
671
672
673
674
675
676
677
678
679
680
681
682
683
684
685
686
687
688
689
690
691
692
693
694
695
696
697
698
699
700
701
702
703
704
705
706
707
708
709
710
711
712
713
714
715
716
717
718
719
720
721
722
723
724
725
726
727
728
729
730
731
732
733
734
735
736
737
738
739
740
741
742
743
744
745
746
747
748
749
750
751
752
753
754
755
756
757
758
759
760
761
762
763
764
765
766
767
768
769
770
771
772
773
774
775
776
777
778
779
780
781
782
783
784
785
786
787
788
789
790
791
792
793
794
795
796
797
798
799
800
801
802
803
804
805
806
807
808
809
810
811
812
813
814
815
816
817
818
819
820
821
822
823
824
825
826
827
828
829
830
831
832
833
834
835
836
837
838
839
840
841
842
843
844
845
846
847
848
849
850
851
852
853
854
855
856
857
858
859
860
861
862
863
864
865
866
867
868
869
870
871
872
873
874
875
876
877
878
879
880
881
882
883
884
885
886
887
888
889
890
891
892
893
894
895
896
897
898
899
900
901
902
903
904
905
906
907
908
909
910
911
912
913
914
915
916
917
918
919
920
921
922
923
924
925
926
927
928
929
930
931
932
933
934
935
936
937
938
939
940
941
942
943
944
945
946
947
948
949
950
951
952
953
954
955
956
957
958
959
960
961
962
963
964
965
966
967
968
969
970
971
972
973
974
975
976
977
978
979
980
981
982
983
984
985
986
987
988
989
990
991
992
993
994
995
996
997
998
999
1000
1001
1002
1003
1004
1005
1006
1007
1008
1009
1010
1011
1012
1013
1014
1015
1016
1017
1018
1019
1020
1021
1022
1023
1024
1025
1026
1027
1028
1029
1030
1031
1032
1033
1034
1035
1036
1037
1038
1039
1040
1041
1042
1043
1044
1045
1046
1047
1048
1049
1050
1051
1052
1053
1054
1055
1056
1057
1058
1059
1060
1061
1062
1063
1064
1065
1066
1067
1068
1069
1070
1071
1072
1073
1074
1075
1076
1077
1078
1079
1080
1081
1082
1083
1084
1085
1086
1087
1088
1089
1090
1091
1092
1093
1094
1095
1096
1097
1098
1099
1100
1101
1102
1103
1104
1105
1106
1107
1108
1109
1110
1111
1112
1113
1114
1115
1116
1117
1118
1119
1120
1121
1122
1123
1124
1125
1126
1127
1128
1129
1130
1131
1132
1133
1134
1135
1136
1137
1138
1139
1140
1141
1142
1143
1144
1145
1146
1147
1148
1149
1150
1151
1152
1153
1154
1155
1156
1157
1158
1159
1160
1161
1162
1163
1164
1165
1166
1167
1168
1169
1170
1171
1172
1173
1174
1175
1176
1177
1178
1179
1180
1181
1182
1183
1184
1185
1186
1187
1188
1189
1190
1191
1192
1193
1194
1195
1196
1197
1198
1199
1200
1201
1202
1203
1204
1205
1206
1207
1208
1209
1210
1211
1212
1213
1214
1215
1216
1217
1218
1219
1220
1221
1222
1223
1224
1225
1226
1227
1228
1229
1230
1231
1232
1233
1234
1235
1236
1237
1238
1239
1240
1241
1242
1243
1244
1245
1246
1247
1248
1249
1250
1251
1252
1253
1254
1255
1256
1257
1258
1259
1260
1261
1262
1263
1264
1265
1266
1267
1268
1269
1270
1271
1272
1273
1274
1275
1276
1277
1278
1279
1280
1281
1282
1283
1284
1285
1286
1287
1288
1289
1290
1291
1292
1293
1294
1295
1296
1297
1298
1299
1300
1301
1302
1303
1304
1305
1306
1307
1308
1309
1310
1311
1312
1313
1314
1315
1316
1317
1318
1319
1320
1321
1322
1323
1324
1325
1326
1327
1328
1329
1330
1331
1332
1333
1334
1335
1336
1337
1338
1339
1340
1341
1342
1343
1344
1345
1346
1347
1348
1349
1350
1351
1352
1353
1354
1355
1356
1357
1358
1359
1360
1361
1362
1363
1364
1365
1366
1367
1368
1369
1370
1371
1372
1373
1374
1375
1376
1377
1378
1379
1380
1381
1382
1383
1384
1385
1386
1387
1388
1389
1390
1391
1392
1393
1394
1395
1396
1397
1398
1399
1400
1401
1402
1403
1404
1405
1406
1407
1408
1409
1410
1411
1412
1413
1414
1415
1416
1417
1418
1419
1420
1421
1422
1423
1424
1425
1426
1427
1428
1429
1430
1431
1432
1433
1434
1435
1436
1437
1438
1439
1440
1441
1442
1443
1444
1445
1446
1447
1448
1449
1450
1451
1452
1453
1454
1455
1456
1457
1458
1459
1460
1461
1462
1463
1464
1465
1466
1467
1468
1469
1470
1471
1472
1473
1474
1475
1476
1477
1478
1479
1480
1481
1482
1483
1484
1485
1486
1487
1488
1489
1490
1491
1492
1493
1494
1495
1496
1497
1498
1499
1500
1501
1502
1503
1504
1505
1506
1507
1508
1509
1510
1511
1512
1513
1514
1515
1516
1517
1518
1519
1520
1521
1522
1523
1524
1525
1526
1527
1528
1529
1530
1531
1532
1533
1534
1535
1536
1537
1538
1539
1540
1541
1542
1543
1544
1545
1546
1547
1548
1549
1550
1551
1552
1553
1554
1555
1556
1557
1558
1559
1560
1561
1562
1563
1564
1565
1566
1567
1568
1569
1570
1571
1572
1573
1574
1575
1576
1577
1578
1579
1580
1581
1582
1583
1584
1585
1586
1587
1588
1589
1590
1591
1592
1593
1594
1595
1596
1597
1598
1599
1600
1601
1602
1603
1604
1605
1606
1607
1608
1609
1610
1611
1612
1613
1614
1615
1616
1617
1618
1619
1620
1621
1622
1623
1624
1625
1626
1627
1628
1629
1630
1631
1632
1633
1634
1635
1636
1637
1638
1639
1640
1641
1642
1643
1644
1645
1646
1647
1648
1649
1650
1651
1652
1653
1654
1655
1656
1657
1658
1659
1660
1661
1662
1663
1664
1665
1666
1667
1668
1669
1670
1671
1672
1673
1674
1675
1676
1677
1678
1679
1680
1681
1682
1683
1684
1685
1686
1687
1688
1689
1690
1691
1692
1693
1694
1695
1696
1697
1698
1699
1700
1701
1702
1703
1704
1705
1706
1707
1708
1709
1710
1711
1712
1713
1714
1715
1716
1717
1718
1719
1720
1721
1722
1723
1724
1725
1726
1727
1728
1729
1730
1731
1732
1733
1734
1735
1736
1737
1738
1739
1740
1741
1742
1743
1744
1745
1746
1747
1748
1749
1750
1751
1752
1753
1754
1755
1756
1757
1758
1759
1760
1761
1762
1763
1764
1765
1766
1767
1768
1769
1770
1771
1772
1773
1774
1775
1776
1777
1778
1779
1780
1781
1782
1783
1784
1785
1786
1787
1788
1789
1790
1791
1792
1793
1794
1795
1796
1797
1798
1799
1800
1801
1802
1803
1804
1805
1806
1807
1808
1809
1810
1811
1812
1813
1814
1815
1816
1817
1818
1819
1820
1821
1822
1823
1824
1825
1826
1827
1828
1829
1830
1831
1832
1833
1834
1835
1836
1837
1838
1839
1840
1841
1842
1843
1844
1845
1846
1847
1848
1849
1850
1851
1852
1853
1854
1855
1856
1857
1858
1859
1860
1861
1862
1863
1864
1865
1866
1867
1868
1869
1870
1871
1872
1873
1874
1875
1876
1877
1878
1879
1880
1881
1882
1883
1884
1885
1886
1887
1888
1889
1890
1891
1892
1893
1894
1895
1896
1897
1898
1899
1900
1901
1902
1903
1904
1905
1906
1907
1908
1909
1910
1911
1912
1913
1914
1915
1916
1917
1918
1919
1920
1921
1922
1923
1924
1925
1926
1927
1928
1929
1930
1931
1932
1933
1934
1935
1936
1937
1938
1939
1940
1941
1942
1943
1944
1945
1946
1947
1948
1949
1950
1951
1952
1953
1954
1955
1956
1957
1958
1959
1960
1961
1962
1963
1964
1965
1966
1967
1968
1969
1970
1971
1972
1973
1974
1975
1976
1977
1978
1979
1980
1981
1982
1983
1984
1985
1986
1987
1988
1989
1990
1991
1992
1993
1994
1995
1996
1997
1998
1999
2000
2001
2002
2003
2004
2005
2006
2007
2008
2009
2010
2011
2012
2013
2014
2015
2016
2017
2018
2019
2020
2021
2022
2023
2024
2025
2026
2027
2028
2029
2030
2031
2032
2033
2034
2035
2036
2037
2038
2039
2040
2041
2042
2043
2044
2045
2046
2047
2048
2049
2050
2051
2052
2053
2054
2055
2056
2057
2058
2059
2060
2061
2062
2063
2064
2065
2066
2067
2068
2069
2070
2071
2072
2073
2074
2075
2076
2077
2078
2079
2080
2081
2082
2083
2084
2085
2086
2087
2088
2089
2090
2091
2092
2093
2094
2095
2096
2097
2098
2099
2100
2101
2102
2103
2104
2105
2106
2107
2108
2109
2110
2111
2112
2113
2114
2115
2116
2117
2118
2119
2120
2121
2122
2123
2124
2125
2126
2127
2128
2129
2130
2131
2132
2133
2134
2135
2136
2137
2138
2139
2140
2141
2142
2143
2144
2145
2146
2147
2148
2149
2150
2151
2152
2153
2154
2155
2156
2157
2158
2159
2160
2161
2162
2163
2164
2165
2166
2167
2168
2169
2170
2171
2172
2173
2174
2175
2176
2177
2178
2179
2180
2181
2182
2183
2184
2185
2186
2187
2188
2189
2190
2191
2192
2193
2194
2195
2196
2197
2198
2199
2200
2201
2202
2203
2204
2205
2206
2207
2208
2209
2210
2211
2212
2213
2214
2215
2216
2217
2218
2219
2220
2221
2222
2223
2224
2225
2226
2227
2228
2229
2230
2231
2232
2233
2234
2235
2236
2237
2238
2239
2240
2241
2242
2243
2244
2245
2246
2247
2248
2249
2250
2251
2252
2253
2254
2255
2256
2257
2258
2259
2260
2261
2262
2263
2264
2265
2266
2267
2268
2269
2270
2271
2272
2273
2274
2275
2276
2277
2278
2279
2280
2281
2282
2283
2284
2285
2286
2287
2288
2289
2290
2291
2292
2293
2294
2295
2296
2297
2298
2299
2300
2301
2302
2303
2304
2305
2306
2307
2308
2309
2310
2311
2312
2313
2314
2315
2316
2317
2318
2319
2320
2321
2322
2323
2324
2325
2326
2327
2328
2329
2330
2331
2332
2333
2334
2335
2336
2337
2338
2339
2340
2341
2342
2343
2344
2345
2346
2347
2348
2349
2350
2351
2352
2353
2354
2355
2356
2357
2358
2359
2360
2361
2362
2363
2364
2365
2366
2367
2368
2369
2370
2371
2372
2373
2374
2375
2376
2377
2378
2379
2380
2381
2382
2383
2384
2385
2386
2387
2388
2389
2390
2391
2392
2393
2394
2395
2396
2397
2398
2399
2400
2401
2402
2403
2404
2405
2406
2407
2408
2409
2410
2411
2412
2413
2414
2415
2416
2417
2418
2419
2420
2421
2422
2423
2424
2425
2426
2427
2428
2429
2430
2431
2432
2433
2434
2435
2436
2437
2438
2439
2440
2441
2442
2443
2444
2445
2446
2447
2448
2449
2450
2451
2452
2453
2454
2455
2456
2457
2458
2459
2460
2461
2462
2463
2464
2465
2466
2467
2468
2469
2470
2471
2472
2473
2474
2475
2476
2477
2478
2479
2480
2481
2482
2483
2484
2485
2486
2487
2488
2489
2490
2491
2492
2493
2494
2495
2496
2497
2498
2499
2500
2501
2502
2503
2504
2505
2506
2507
2508
2509
2510
2511
2512
2513
2514
2515
2516
2517
2518
2519
2520
2521
2522
2523
2524
2525
2526
2527
2528
2529
2530
2531
2532
2533
2534
2535
2536
2537
2538
2539
2540
2541
2542
2543
2544
2545
2546
2547
2548
2549
2550
2551
2552
2553
2554
2555
2556
2557
2558
2559
2560
2561
2562
2563
2564
2565
2566
2567
2568
2569
2570
2571
2572
2573
2574
2575
2576
2577
2578
2579
2580
2581
2582
2583
2584
2585
2586
2587
2588
2589
2590
2591
2592
2593
2594
2595
2596
2597
2598
2599
2600
2601
2602
2603
2604
2605
2606
2607
2608
2609
2610
2611
2612
2613
2614
2615
2616
2617
2618
2619
2620
2621
2622
2623
2624
2625
2626
2627
2628
2629
2630
2631
2632
2633
2634
2635
2636
2637
2638
2639
2640
2641
2642
2643
2644
2645
2646
2647
2648
2649
2650
2651
2652
2653
2654
2655
2656
2657
2658
2659
2660
2661
2662
2663
2664
2665
2666
2667
2668
2669
2670
2671
2672
2673
2674
2675
2676
2677
2678
2679
2680
2681
2682
2683
2684
2685
2686
2687
2688
2689
2690
2691
2692
2693
2694
2695
2696
2697
2698
2699
2700
2701
2702
2703
2704
2705
2706
2707
2708
2709
2710
2711
2712
2713
2714
2715
2716
2717
2718
2719
2720
2721
2722
2723
2724
2725
2726
2727
2728
2729
2730
2731
2732
2733
2734
2735
2736
2737
2738
2739
2740
2741
2742
2743
2744
2745
2746
2747
2748
2749
2750
2751
2752
2753
2754
2755
2756
2757
2758
2759
2760
2761
2762
2763
2764
2765
2766
2767
2768
2769
2770
2771
2772
2773
2774
2775
2776
2777
2778
2779
2780
2781
2782
2783
2784
2785
2786
2787
2788
2789
2790
2791
2792
2793
2794
2795
2796
2797
2798
2799
2800
2801
2802
2803
2804
2805
2806
2807
2808
2809
2810
2811
2812
2813
2814
2815
2816
2817
2818
2819
2820
2821
2822
2823
2824
2825
2826
2827
2828
2829
2830
2831
2832
2833
2834
2835
2836
2837
2838
2839
2840
2841
2842
2843
2844
2845
2846
2847
2848
2849
2850
2851
2852
2853
2854
2855
2856
2857
2858
2859
2860
2861
2862
2863
2864
2865
2866
2867
2868
2869
2870
2871
2872
2873
2874
2875
2876
2877
2878
2879
2880
2881
2882
2883
2884
2885
2886
2887
2888
2889
2890
2891
2892
2893
2894
2895
2896
2897
2898
2899
2900
2901
2902
2903
2904
2905
2906
2907
2908
2909
2910
2911
2912
2913
2914
2915
2916
2917
2918
2919
2920
2921
2922
2923
2924
2925
2926
2927
2928
2929
2930
2931
2932
2933
2934
2935
2936
2937
2938
2939
2940
2941
2942
2943
2944
2945
2946
2947
2948
2949
2950
2951
2952
2953
2954
2955
2956
2957
2958
2959
2960
2961
2962
2963
2964
2965
2966
2967
2968
2969
2970
2971
2972
2973
2974
2975
2976
2977
2978
2979
2980
2981
2982
2983
2984
2985
2986
2987
2988
2989
2990
2991
2992
2993
2994
2995
2996
2997
2998
2999
3000
