#
4000
3136
2987
3966
25
2352
2070
3481
2244
1724
800
1527
2440
272
2998
3659
1555
2955
867
136
1618
2740
1406
3565
1827
1910
1077
2267
1438
3095
1144
688
2023
1671
1363
2038
3903
505
1825
2491
1906
1134
3893
3566
758
2011
2608
2691
1303
1543
40
3779
702
2643
2750
3929
3245
3761
1587
3888
2814
1545
1457
3289
3835
3166
653
1706
3964
194
826
2603
1440
3660
801
2604
3839
1163
3964
691
2037
1395
626
3925
3213
3531
2537
1895
2063
3200
932
745
228
1185
3324
2829
78
1760
2468
2254
1376
2906
3586
119
1829
2065
1106
814
2884
476
814
1054
3892
1390
688
3062
1156
1139
2799
2620
1024
2078
1195
1758
3445
2638
2824
3510
1307
3023
2685
1929
1554
3413
2260
2473
810
3662
3036
3055
3312
921
3176
3592
3404
973
732
587
3255
1039
892
1887
474
2221
2797
2264
2369
961
2717
1608
2828
2779
641
1612
2032
3640
2488
2168
3226
2617
3737
3318
1711
2722
3957
3849
2822
90
3633
1683
2327
2668
3083
2445
3765
1464
1590
2042
3692
3917
2783
3414
481
3815
2979
3424
485
219
939
1838
3284
1620
2152
896
3024
2806
2187
2516
3290
1022
3161
249
3089
580
3453
768
3276
3614
1241
3471
3940
2416
2385
1068
2255
2194
717
3523
44
1764
2402
34
1948
1790
2909
3593
877
3646
289
232
818
3112
415
3972
3402
1763
1579
2991
71
3939
2015
3835
31
3393
698
3953
1091
226
173
3584
2378
2948
446
2348
2401
1482
3431
2998
3499
2487
3931
1932
3224
2453
1587
1928
3313
2561
701
735
1549
1603
2701
589
3074
261
1727
1514
470
459
81
3191
1854
2985
1620
2197
2660
1605
2501
3267
1868
3005
3772
1573
1769
561
3058
2489
618
1799
3604
1814
2517
3256
268
3156
220
686
1871
1692
174
2416
2767
1022
235
2621
1343
2158
1378
1340
3521
2607
3349
3334
3796
1084
2157
3059
3488
17
3187
474
3748
3832
1661
369
3033
864
1652
1127
1803
3978
2754
517
886
802
2230
1760
2442
978
49
2298
2955
1894
2248
2547
872
2599
3548
2582
2215
1451
1503
2506
1235
960
2183
691
2298
3703
3614
2393
2398
2774
206
3598
3930
3038
2742
3440
832
2178
499
222
405
688
2180
3692
2492
2516
128
3972
2823
1351
556
2559
2431
2677
1571
583
222
3717
3693
1027
3504
1920
2958
2728
2918
2271
491
3090
733
2376
1838
3117
2867
442
3712
3472
1725
3590
139
1533
795
2309
3923
1294
1912
2882
2337
2901
120
3290
3493
1091
2495
1420
2804
561
2475
2286
194
488
1826
804
3261
3137
1689
1343
263
3456
2667
2068
458
3164
2891
3744
3141
956
834
923
2901
3712
2858
2534
3600
3194
1223
1728
3721
3683
3711
2468
2271
1361
2454
2815
2338
1095
3762
297
3842
3928
3625
263
1648
1921
11
2497
2919
896
2194
3063
3588
994
3965
1134
289
2989
516
1412
3302
193
3677
1177
1075
2724
3631
2467
96
2298
1842
3829
1376
3188
3994
3945
961
2902
1247
549
533
1131
3486
848
2083
1371
1353
2117
2027
878
906
3341
1239
78
1509
1095
556
3132
3826
752
1743
3678
2149
3498
2455
2786
3465
1264
2004
3140
1082
2672
3607
2769
3526
3135
3229
3441
155
908
682
2818
575
3951
101
2900
3046
571
423
2747
1604
3206
2361
419
1128
2168
2701
3060
764
1436
2283
794
1223
3064
3101
512
820
366
3716
2341
1114
1457
1820
3130
134
74
3109
2159
3966
262
759
1437
1074
904
3084
277
3459
952
2415
727
3855
996
15
3161
2480
1732
1940
2613
2563
1811
570
3378
3832
1885
974
35
3783
3106
547
57
2509
3385
1997
2053
2841
430
1841
913
491
1555
394
1680
726
3999
215
1595
3737
2587
46
939
1400
200
3632
2063
2943
2035
3090
2359
3216
2517
2942
1489
1468
1623
3198
3032
291
2586
87
2188
958
278
632
715
3138
307
2876
3905
2752
1675
1485
3873
2960
2919
942
2984
3836
2788
2325
2764
2103
1362
2454
1366
3280
782
3371
3699
2562
3617
569
2394
2210
2422
401
821
2065
3823
1631
2757
1787
1767
1609
3719
2043
7
3413
3165
337
547
2685
191
26
3146
3874
3501
121
2148
3058
22
3064
3471
2382
3979
407
3460
1524
1452
1638
2607
2301
2371
2109
3448
1947
939
2679
1136
274
2551
3670
2873
2345
3984
2634
2255
68
398
204
3487
1170
1825
1706
1146
37
3006
1360
1577
614
2893
1896
3448
143
3249
2405
3446
3965
185
382
3875
3105
2843
646
3467
2175
3205
3484
2391
1122
189
2746
3713
1857
2423
2925
45
3316
3170
3217
3503
3779
2793
16
387
3188
3366
3308
1651
400
3501
776
3142
2613
626
3012
794
3521
2411
996
2728
3681
2504
2187
3573
600
167
1839
2367
2736
3219
1538
374
1540
1619
422
2061
2021
1274
675
3465
2822
2309
2637
2737
225
488
312
1465
3601
2492
2959
2107
986
69
2082
3464
2713
2234
492
715
2780
1521
595
3086
1169
2790
2528
1642
207
801
2545
2257
365
159
3612
2177
2468
1225
3499
496
1423
1737
3649
1184
2381
207
3861
1949
3851
1721
1914
2820
3443
2988
1881
867
3167
170
336
237
1618
2964
3949
1364
3058
1171
1419
2595
1978
1111
3830
2782
1980
3987
111
609
177
2835
2701
3562
2676
1824
1396
2551
764
1986
1682
1508
2126
1764
739
1399
1505
2726
2708
651
2891
1928
1192
3670
2046
1912
3006
1510
705
223
1684
648
2628
736
1105
2630
3620
821
3288
2242
836
2865
2532
2008
1268
2352
633
1028
1040
155
3145
231
2329
213
3913
119
45
1648
2923
107
452
3303
1007
1256
2094
3396
2703
2794
2572
161
1791
1905
1323
2855
764
3891
857
569
675
2959
3789
3907
2010
729
955
2673
3296
2501
1138
2406
2842
818
2939
3236
1238
3215
3227
546
1039
3218
93
2162
3743
706
2500
3483
667
782
2392
1660
2214
3984
3417
3517
464
641
3562
1955
1520
2096
3627
1393
1904
1832
1078
2205
246
1739
3210
3695
926
1726
2447
1115
2385
3506
2356
1329
2774
456
134
2693
364
938
1209
1856
2202
2538
973
2858
3583
3106
3962
1023
2613
1475
1902
1887
3869
3760
1467
3479
3582
982
3817
3204
180
2348
2329
1854
751
2734
75
253
2547
851
3857
1194
1535
1540
2365
3008
1998
2691
2207
2664
2864
2848
1450
1638
3603
954
1417
1445
2735
2464
2735
2001
236
602
2853
1323
1671
3994
3686
2099
487
984
1345
18
514
1992
2709
2487
981
1785
1892
2147
3466
1813
2682
1043
1223
3409
2196
887
733
865
1590
1627
3458
3286
751
3352
1005
2392
1492
2092
3947
3728
1105
1841
868
1292
2795
3332
913
1611
1732
3475
877
1919
335
945
3044
433
3418
1877
3167
1444
2984
2222
234
1631
3780
479
1015
2298
2492
2816
836
1270
441
1196
1635
2063
616
2093
1399
1630
3908
1330
2715
3752
313
3270
2688
600
2060
1011
1898
3696
2876
2247
3059
39
1015
1983
1005
3660
3889
3372
2542
3854
3520
2857
2701
1736
850
3377
3833
1871
1022
433
698
2396
824
3874
1545
1077
2116
83
497
3128
3141
3690
1729
3791
917
1682
2858
388
816
2040
449
3639
1078
2778
3007
476
2362
3493
2154
3031
39
995
2961
887
2727
3054
3895
1188
3634
2005
2308
3664
2875
860
1552
833
458
2001
2566
1172
2648
2331
3800
2200
1358
441
1922
570
508
2491
2704
584
2749
1914
2109
2312
2303
1687
424
447
3286
3056
2012
1247
1107
2711
3682
2998
1859
2161
1033
960
2411
3644
2386
1052
1342
2378
2304
930
640
2699
240
2872
2047
1108
3627
1304
716
3844
1061
1880
185
3379
1435
1743
666
3407
1005
1520
84
889
3306
2029
3380
1346
1436
90
2801
1835
3342
3270
197
1008
3102
3503
924
2910
2002
665
1338
698
1420
1142
479
3165
1726
3194
3547
3007
3382
1680
1089
1664
485
1602
2840
3780
911
2373
3685
2005
1885
1628
3941
2474
2602
2493
2946
941
2728
2573
3253
1790
1311
1884
3563
2536
2686
899
3992
1454
464
1011
1979
2043
2763
1311
302
3644
3006
120
444
3322
2814
1411
739
3555
3090
2296
3124
484
1337
3968
3922
974
3748
1310
2133
2540
3113
951
1653
1710
3983
952
1451
345
2063
57
2042
2658
1954
3824
2404
2644
2129
1673
2934
3042
1569
485
2240
2011
771
2453
757
3395
3709
425
1804
2325
1638
3655
3009
247
2200
2822
2135
2701
1853
453
1916
3583
1257
1801
940
2256
967
1055
1299
3341
2574
3854
2415
496
17
670
1416
1753
1164
1737
2974
558
874
3481
790
3553
359
2902
3316
3805
3534
3455
1651
2318
1204
3399
1807
3256
1039
3804
472
978
3617
2000
2381
3324
2692
2451
133
2827
2428
3156
3588
185
1548
3097
3324
963
1282
2634
3655
1369
3684
3518
590
3407
2607
2574
438
2101
2635
981
1416
3984
2165
1342
34
3207
2258
2547
3686
1964
2330
1511
2111
12
1317
4
2883
1892
370
734
2773
3039
1002
3370
747
564
2301
3405
2221
71
1995
987
711
3730
1291
2409
3355
1005
313
1975
2494
2346
2196
3205
132
53
2774
3933
2547
2099
3343
950
2539
168
2810
3088
3697
3337
2487
245
3320
937
2834
364
2268
3708
3668
3304
1404
1083
1729
1517
705
757
262
1562
1781
973
8
1559
2279
3201
1043
3000
200
1998
3436
364
2911
122
567
2766
1599
977
3542
2615
898
3632
3864
2323
1742
14
2921
1233
2327
666
3313
2510
2252
3323
400
3112
1959
2551
1406
2851
3069
734
3488
3310
2260
3047
829
838
1983
3428
288
3445
1811
2363
707
2740
1955
2013
214
2108
2429
1002
2987
708
2002
1102
597
1577
276
2542
3882
1287
1058
2292
3347
2183
2810
761
3069
1976
3900
1000
498
3186
27
1425
3986
2124
357
2808
2155
1365
1618
3841
3447
3697
2766
2900
1105
3835
2694
1686
1465
3410
2527
1931
288
3883
3113
2589
420
2805
390
696
1296
1675
1333
292
1008
1220
873
2830
184
1321
2497
5
2066
1200
2894
908
3520
2882
3226
2839
3572
1353
2738
2801
1546
950
2035
2047
1910
2275
795
2187
2918
1459
1557
3794
2523
3269
2396
3293
2844
3968
1629
3431
2825
616
1569
2126
3552
3358
2004
184
1638
31
3953
1417
876
3393
1694
417
882
426
1643
3578
1643
3096
1300
1871
173
1914
2038
434
2227
2573
892
2946
659
3414
3615
2196
3028
2941
709
3804
320
2119
3865
2095
1267
1664
2840
3780
443
3557
3490
3018
3482
2985
231
39
68
425
3489
2777
1330
385
416
2927
625
2622
2698
1263
3193
1506
2668
2416
1682
61
904
2544
1106
2789
3801
1113
1994
2174
916
2005
2794
829
2393
663
416
3749
3398
2916
83
3976
1287
1282
3040
230
689
2074
2883
3859
1915
2952
3018
3016
1482
3888
341
1178
1285
128
983
3584
2967
992
691
2370
2521
648
3570
2267
3529
491
917
3785
176
1846
3256
1338
510
2514
3809
2979
2979
1861
3623
2971
2298
3773
2397
2298
130
352
199
778
5
3599
2177
1051
1087
1271
3819
3850
524
223
3584
2585
1376
434
2060
2202
3078
2071
3549
1672
480
2941
1814
2844
1623
3712
3922
3367
152
1478
3770
1313
1990
1847
1430
1993
3
3628
2992
2923
1912
2325
3603
1516
1971
439
1786
2945
826
2179
2148
1304
2429
3319
2269
3033
1332
1048
2058
2439
3283
2961
77
526
3000
1011
1442
2365
1043
1753
749
1269
2254
3118
1708
2277
1501
2059
1984
3997
3190
1334
3702
3653
2057
3121
3083
1744
1084
3859
928
186
1718
2645
2273
2328
1794
2582
1535
1121
2538
3903
1902
3135
3647
845
2292
1998
2828
113
3234
2259
1361
76
3524
1789
2222
3365
3212
557
1423
503
1240
417
2014
3882
3092
3876
609
2795
698
2299
1970
421
1308
2273
3437
1156
1274
3375
93
3745
3700
2395
1894
3020
1134
637
1532
2587
3937
1867
1532
3034
2486
2163
2255
2693
3690
3993
13
472
1878
1203
1440
551
369
1022
2827
3761
1487
928
3264
3899
3833
1167
1925
2962
3301
2573
2648
1635
1247
3954
3036
965
2137
3187
606
3769
1082
1280
816
2829
2869
2635
2527
3594
3604
2197
3287
2347
2254
3062
1259
656
1613
2659
104
199
3257
877
511
3430
2730
2550
2103
1163
3209
1301
3097
1379
932
1994
1553
2840
1617
2197
3959
204
3737
3892
79
743
1246
2591
628
515
3395
867
2636
3761
2885
445
1770
156
1205
3159
1266
1772
3954
2772
1235
3202
3376
382
1890
454
1913
179
744
2984
615
3394
1525
1120
1768
3931
3855
406
2510
3276
1140
1926
3227
53
1683
2025
1375
392
1898
239
3426
328
267
2256
3309
2303
3741
574
1460
986
592
681
3138
3177
2293
1811
595
738
2361
2259
2366
1560
769
36
73
780
1107
10
3052
2774
1299
2966
3870
1976
933
1894
1788
2813
216
3504
1850
1648
3769
883
1277
2069
943
3437
2583
1784
2700
3806
3430
3760
1037
1148
3195
2196
3065
3261
1343
302
3282
276
1598
533
2355
3729
16
1939
399
2701
2957
3385
1017
3968
695
1518
3475
2836
2316
597
1515
2251
3031
3563
2625
2283
3159
2813
256
2878
1975
2747
729
1371
2516
2342
338
3288
1550
1509
3307
2397
3636
2216
850
2315
2726
1121
668
2388
858
2400
749
1211
2691
815
441
3045
1199
3266
1423
2337
2124
1922
2894
2835
2722
2661
3678
3735
741
2974
3026
539
294
653
1859
351
238
2012
393
2900
2519
3709
3817
3048
1833
3003
516
719
3089
1518
124
2759
580
3284
1146
3904
2539
88
3098
3893
2134
2906
294
3870
3526
2594
1960
722
3941
3424
3158
2262
299
1024
1489
566
3130
785
2680
152
404
2510
3214
928
2601
3370
2076
2730
1454
2430
843
1343
3421
1448
2332
3956
245
3376
2533
55
805
1393
2155
3460
241
3130
2627
3541
490
1934
1527
1375
3663
2346
3540
2020
1290
2501
3002
755
3906
3481
1928
3642
2537
1330
3827
902
2594
785
2406
51
2210
2089
2800
2446
3253
1035
1635
3725
3029
1801
399
874
1418
2585
234
3475
3049
2365
3416
2233
3134
3354
3183
2544
2913
1683
3750
3422
3463
3479
1426
3442
1847
3102
399
3746
3470
2420
1826
906
3678
956
3398
2022
2116
3103
2821
3287
3740
3138
3749
883
688
996
2712
1626
2903
1765
2980
1824
1053
3666
496
2435
1849
1485
2833
1227
495
2467
3506
2413
165
3055
602
2693
2191
3421
2333
877
336
3516
3694
2928
208
3663
1313
3675
1942
3904
134
3306
798
1933
605
1760
1795
1835
1461
1264
193
2142
1936
820
2135
3516
3000
2528
2837
1410
3300
2372
986
917
3095
3397
568
1516
1023
3569
3098
3151
2481
1229
440
2724
1316
115
687
3036
1970
2787
1087
3378
2219
897
60
3989
921
3624
384
1979
1031
3664
1163
3625
3266
706
886
3285
446
1891
3471
2416
1242
1234
3316
187
3450
3387
652
2037
778
2494
1528
1679
1824
2555
2482
1006
173
2168
2124
1080
3076
38
761
1890
120
593
1949
1473
1181
3218
1929
1751
468
1635
2590
416
2205
26
240
1851
1657
3520
442
803
3760
2012
2991
2052
3226
1248
2046
3841
3554
1837
2990
3002
2285
455
3232
3159
209
3751
2946
1963
1408
940
2928
3958
239
3952
1840
1791
2982
1984
682
13
1058
3671
1622
3747
3202
3500
3666
1837
3031
166
2345
3584
944
2094
2126
2879
3565
2117
1435
1595
1735
3366
2371
3286
597
3923
1863
2900
2271
3940
2027
861
3354
2325
1921
3664
1715
612
2849
1930
1792
1158
3376
3964
1503
1218
817
3535
51
641
1189
645
2354
3206
3084
1960
1976
2128
3408
3752
2413
2064
2880
3464
3631
2065
1026
3879
3677
78
3679
2287
3473
1783
3726
830
2925
560
1521
2602
342
2681
1099
476
1197
1116
905
2099
388
271
199
2585
3962
963
865
1162
2535
852
439
2056
743
1950
1640
1863
3784
1616
3210
3147
2579
2673
1068
2707
1491
2676
3300
107
3074
3657
447
3898
2327
143
734
1763
3122
2895
6
2886
100
585
1043
2553
2300
557
2724
2211
2163
3544
1070
856
3763
2878
3269
497
1278
3713
3964
888
92
3725
476
858
3361
1722
943
1317
2417
1938
3280
638
2534
1266
1586
3012
1811
1426
2559
416
309
3042
3637
1971
964
3182
2034
322
3004
126
314
2655
2902
1087
3580
1867
995
180
3325
2403
1684
1570
2916
3168
3467
1234
3493
718
109
2311
3588
2277
3299
2060
445
1965
3565
2442
937
1955
1528
2771
3395
63
591
2666
2539
2085
2847
701
977
2284
1248
1315
3878
2462
2305
2315
3939
3295
532
3448
633
2289
2125
52
2825
2153
3539
716
3225
3625
994
666
2889
231
1457
567
1570
2752
2893
3082
2509
148
467
375
2953
3566
3528
3421
2477
3594
2341
3763
1925
690
2390
2066
3029
2542
1539
2781
3468
1131
2279
565
3939
3578
1817
3343
216
2989
3132
1218
44
3833
750
3409
2396
1864
3264
1358
2973
2418
1311
1429
3185
3007
2471
1847
3207
3537
1659
1626
2760
1818
2591
689
390
2131
606
1159
2394
2430
2828
131
2088
2776
1079
1676
1050
946
2377
958
859
2433
1050
1272
1831
1188
3255
1975
846
682
3717
2212
2535
870
2660
3681
1478
1872
2070
2312
3694
1783
2498
436
3730
639
3632
3646
1117
2805
2690
1928
2098
2104
3438
357
1472
469
3101
3880
1270
3982
1101
1979
1814
3197
1858
1593
2575
506
2600
2595
349
3159
3060
776
3671
3544
2469
1802
2781
1872
777
2391
2054
2719
1580
3081
3066
1323
3809
132
1284
791
3186
213
1630
3018
619
984
1780
788
2756
857
3200
2412
832
548
468
1765
3504
170
3108
2640
1145
2445
2210
1025
1854
29
2699
3007
2925
1471
1822
224
2859
20
1733
355
2327
380
1292
2281
3464
1126
2911
3737
3253
1581
3496
581
3613
3378
2263
2264
2384
1565
3351
3978
208
3274
2125
2587
1315
3064
1959
2845
2809
3994
95
1662
652
156
1974
1968
260
620
775
3188
903
1318
694
3861
532
412
544
1368
3925
97
1807
3119
2827
1656
1689
427
2017
2962
2859
3434
3157
3508
1661
3411
2571
2303
3659
2612
894
1486
56
1091
682
3557
578
173
117
942
3332
1945
2433
979
3175
1085
22
653
3576
1529
786
2025
94
161
2538
371
2535
3063
2719
3531
3460
3130
2683
189
3029
1681
2736
2511
732
3662
2211
381
3544
2747
2387
368
1909
3262
3036
46
38
659
2041
1485
420
2477
858
1630
3779
584
1337
1019
1371
3099
1572
1195
2568
2528
3248
1694
2615
3105
3219
3131
3645
1439
3188
2425
3931
777
890
1421
1021
3792
2586
331
98
803
3713
2509
40
2442
958
1451
3841
271
2872
2590
312
2228
3467
3374
2724
2182
822
1555
186
2691
2533
577
1189
1363
3539
1685
3257
3731
2623
3097
113
789
1333
2889
1770
2940
922
265
3236
1186
2447
2747
754
3891
3788
2158
354
3183
3476
2134
3792
3359
1290
3593
2341
2643
87
2230
2632
3192
1546
1308
3870
640
1715
1995
217
1140
975
2611
1092
1134
437
862
3362
3168
841
327
1858
2126
1264
2014
2470
872
692
2904
1641
2295
2784
1174
646
799
3348
1843
3164
3618
715
154
2877
2229
1743
701
2808
2131
979
1951
1582
1447
3146
2527
1615
615
3207
1675
1619
960
2516
2365
3093
107
3254
650
28
1098
2692
2305
1078
2805
2316
2646
353
1014
2155
2664
305
1262
2369
1465
1731
2989
2383
1489
1573
362
3496
3913
1759
300
2490
753
2957
2027
1038
1429
1023
3885
3654
762
554
2297
1064
1966
2617
2364
671
2981
1856
3711
2933
1991
3644
3178
2348
1225
879
2339
868
870
115
366
692
458
3757
506
3205
1876
2108
2388
2896
873
3666
2460
217
1460
1645
3411
164
3724
1307
3172
3273
87
1168
3350
2573
3226
3155
1696
1626
75
3997
931
3984
2417
2561
2034
3832
3516
776
2198
3715
2457
930
430
1867
641
2832
2197
402
3400
270
2250
1101
3191
56
1694
1918
3632
2337
2963
1414
1298
3188
426
2845
1179
52
1032
3257
2079
2673
683
1307
800
2424
2862
1659
2261
3878
1522
552
3547
2399
2251
3172
2222
486
1958
2174
3640
3528
419
1519
2259
2304
2313
2153
3486
669
2132
3572
3638
2320
3048
3894
3920
1293
2645
1313
970
3318
818
146
2503
3609
2663
2398
1386
2003
690
1166
3655
878
1937
3466
429
2476
3392
111
1743
1810
2705
1519
3843
1411
192
2119
1819
3127
642
3440
1930
3417
32
387
1618
152
603
221
2349
1154
2386
1719
1086
541
948
2287
3661
3496
3161
609
3762
2177
2456
2172
3634
715
689
2996
513
3367
1802
2316
2009
3161
3246
2068
539
2028
3695
2242
2269
2370
2919
2622
123
488
2894
3006
3497
1277
2738
3355
3194
1784
3832
2864
1170
3729
2457
1607
2292
1807
417
2799
3252
703
482
3244
2766
3278
3513
3893
3635
1177
3369
1543
1446
3089
1446
1509
3278
2591
1363
2597
3075
3631
1986
2323
900
439
3868
3247
692
601
993
3513
3694
397
2992
3875
235
2455
2680
252
959
3678
488
3527
3546
754
2301
2948
3062
3062
2809
3991
624
581
432
203
746
3476
2607
2417
306
1700
2503
3866
1051
2143
3795
1761
895
1315
2613
207
1752
2573
3966
127
3375
1742
1289
2593
1231
560
844
36
3780
1722
3594
2132
388
1418
3202
119
783
309
1812
1968
1067
1445
1977
1769
2590
3593
145
574
2067
2770
2388
3189
2218
2538
670
1279
2166
1383
237
3105
2981
1303
3697
1953
3090
1805
538
742
2469
805
1271
3452
1574
3312
2700
784
40
1217
2773
3921
2479
3684
2255
1411
2067
438
3965
2973
1190
1326
953
2258
1959
2807
565
2142
3805
3845
364
2761
942
760
3119
3092
702
1902
2151
1717
3643
3076
1335
1429
3943
2696
2842
2295
3892
988
674
886
1923
1113
48
1400
3162
1424
3970
2243
981
3235
2953
2287
1905
3904
614
909
2356
742
1949
2483
3146
850
3843
1979
2668
2232
3981
3428
3134
3468
252
2480
2630
1386
725
2226
602
2205
291
1649
837
544
358
2165
193
1410
2415
1962
3898
1264
1115
2122
2993
1295
3762
816
3163
2649
2488
2813
2324
2460
1987
1354
3722
18
2473
1930
3499
1975
1157
3945
3758
2786
1472
3769
1197
1067
1192
1567
1319
1798
436
2215
331
595
446
3766
473
3671
885
2901
3812
594
519
3600
541
3886
2737
1398
312
2281
1333
3828
984
640
9
3480
1630
3771
3894
2225
3596
1375
466
1562
2484
999
2635
1538
712
2026
563
219
1314
874
2466
2232
3291
1537
3665
3191
926
2400
3204
2535
3
2122
2958
3687
839
945
2342
1872
2732
1488
2402
797
1124
725
1978
2196
593
2863
2253
2508
3740
320
3747
3503
1275
3936
2884
1193
586
828
2995
102
1
2
3
4
5
6
7
8
9
10
11
12
13
14
15
16
17
18
19
20
21
22
23
24
25
26
27
28
29
30
31
32
33
34
35
36
37
38
39
40
41
42
43
44
45
46
47
48
49
50
51
52
53
54
55
56
57
58
59
60
61
62
63
64
65
66
67
68
69
70
71
72
73
74
75
76
77
78
79
80
81
82
83
84
85
86
87
88
89
90
91
92
93
94
95
96
97
98
99
100
101
102
103
104
105
106
107
108
109
110
111
112
113
114
115
116
117
118
119
120
121
122
123
124
125
126
127
128
129
130
131
132
133
134
135
136
137
138
139
140
141
142
143
144
145
146
147
148
149
150
151
152
153
154
155
156
157
158
159
160
161
162
163
164
165
166
167
168
169
170
171
172
173
174
175
176
177
178
179
180
181
182
183
184
185
186
187
188
189
190
191
192
193
194
195
196
197
198
199
200
201
202
203
204
205
206
207
208
209
210
211
212
213
214
215
216
217
218
219
220
221
222
223
224
225
226
227
228
229
230
231
232
233
234
235
236
237
238
239
240
241
242
243
244
245
246
247
248
249
250
251
252
253
254
255
256
257
258
259
260
261
262
263
264
265
266
267
268
269
270
271
272
273
274
275
276
277
278
279
280
281
282
283
284
285
286
287
288
289
290
291
292
293
294
295
296
297
298
299
300
301
302
303
304
305
306
307
308
309
310
311
312
313
314
315
316
317
318
319
320
321
322
323
324
325
326
327
328
329
330
331
332
333
334
335
336
337
338
339
340
341
342
343
344
345
346
347
348
349
350
351
352
353
354
355
356
357
358
359
360
361
362
363
364
365
366
367
368
369
370
371
372
373
374
375
376
377
378
379
380
381
382
383
384
385
386
387
388
389
390
391
392
393
394
395
396
397
398
399
400
401
402
403
404
405
406
407
408
409
410
411
412
413
414
415
416
417
418
419
420
421
422
423
424
425
426
427
428
429
430
431
432
433
434
435
436
437
438
439
440
441
442
443
444
445
446
447
448
449
450
451
452
453
454
455
456
457
458
459
460
461
462
463
464
465
466
467
468
469
470
471
472
473
474
475
476
477
478
479
480
481
482
483
484
485
486
487
488
489
490
491
492
493
494
495
496
497
498
499
500
501
502
503
504
505
506
507
508
509
510
511
512
513
514
515
516
517
518
519
520
521
522
523
524
525
526
527
528
529
530
531
532
533
534
535
536
537
538
539
540
541
542
543
544
545
546
547
548
549
550
551
552
553
554
555
556
557
558
559
560
561
562
563
564
565
566
567
568
569
570
571
572
573
574
575
576
577
578
579
580
581
582
583
584
585
586
587
588
589
590
591
592
593
594
595
596
597
598
599
600
601
602
603
604
605
606
607
608
609
610
611
612
613
614
615
616
617
618
619
620
621
622
623
624
625
626
627
628
629
630
631
632
633
634
635
636
637
638
639
640
641
642
643
644
645
646
647
648
649
650
651
652
653
654
655
656
657
658
659
660
661
662
663
664
665
666
667
668
669
670
671
672
673
674
675
676
677
678
679
680
681
682
683
684
685
686
687
688
689
690
691
692
693
694
695
696
697
698
699
700
701
702
703
704
705
706
707
708
709
710
711
712
713
714
715
716
717
718
719
720
721
722
723
724
725
726
727
728
729
730
731
732
733
734
735
736
737
738
739
740
741
742
743
744
745
746
747
748
749
750
751
752
753
754
755
756
757
758
759
760
761
762
763
764
765
766
767
768
769
770
771
772
773
774
775
776
777
778
779
780
781
782
783
784
785
786
787
788
789
790
791
792
793
794
795
796
797
798
799
800
801
802
803
804
805
806
807
808
809
810
811
812
813
814
815
816
817
818
819
820
821
822
823
824
825
826
827
828
829
830
831
832
833
834
835
836
837
838
839
840
841
842
843
844
845
846
847
848
849
850
851
852
853
854
855
856
857
858
859
860
861
862
863
864
865
866
867
868
869
870
871
872
873
874
875
876
877
878
879
880
881
882
883
884
885
886
887
888
889
890
891
892
893
894
895
896
897
898
899
900
901
902
903
904
905
906
907
908
909
910
911
912
913
914
915
916
917
918
919
920
921
922
923
924
925
926
927
928
929
930
931
932
933
934
935
936
937
938
939
940
941
942
943
944
945
946
947
948
949
950
951
952
953
954
955
956
957
958
959
960
961
962
963
964
965
966
967
968
969
970
971
972
973
974
975
976
977
978
979
980
981
982
983
984
985
986
987
988
989
990
991
992
993
994
995
996
997
998
999
1000
1001
1002
1003
1004
1005
1006
1007
1008
1009
1010
1011
1012
1013
1014
1015
1016
1017
1018
1019
1020
1021
1022
1023
1024
1025
1026
1027
1028
1029
1030
1031
1032
1033
1034
1035
1036
1037
1038
1039
1040
1041
1042
1043
1044
1045
1046
1047
1048
1049
1050
1051
1052
1053
1054
1055
1056
1057
1058
1059
1060
1061
1062
1063
1064
1065
1066
1067
1068
1069
1070
1071
1072
1073
1074
1075
1076
1077
1078
1079
1080
1081
1082
1083
1084
1085
1086
1087
1088
1089
1090
1091
1092
1093
1094
1095
1096
1097
1098
1099
1100
1101
1102
1103
1104
1105
1106
1107
1108
1109
1110
1111
1112
1113
1114
1115
1116
1117
1118
1119
1120
1121
1122
1123
1124
1125
1126
1127
1128
1129
1130
1131
1132
1133
1134
1135
1136
1137
1138
1139
1140
1141
1142
1143
1144
1145
1146
1147
1148
1149
1150
1151
1152
1153
1154
1155
1156
1157
1158
1159
1160
1161
1162
1163
1164
1165
1166
1167
1168
1169
1170
1171
1172
1173
1174
1175
1176
1177
1178
1179
1180
1181
1182
1183
1184
1185
1186
1187
1188
1189
1190
1191
1192
1193
1194
1195
1196
1197
1198
1199
1200
1201
1202
1203
1204
1205
1206
1207
1208
1209
1210
1211
1212
1213
1214
1215
1216
1217
1218
1219
1220
1221
1222
1223
1224
1225
1226
1227
1228
1229
1230
1231
1232
1233
1234
1235
1236
1237
1238
1239
1240
1241
1242
1243
1244
1245
1246
1247
1248
1249
1250
1251
1252
1253
1254
1255
1256
1257
1258
1259
1260
1261
1262
1263
1264
1265
1266
1267
1268
1269
1270
1271
1272
1273
1274
1275
1276
1277
1278
1279
1280
1281
1282
1283
1284
1285
1286
1287
1288
1289
1290
1291
1292
1293
1294
1295
1296
1297
1298
1299
1300
1301
1302
1303
1304
1305
1306
1307
1308
1309
1310
1311
1312
1313
1314
1315
1316
1317
1318
1319
1320
1321
1322
1323
1324
1325
1326
1327
1328
1329
1330
1331
1332
1333
1334
1335
1336
1337
1338
1339
1340
1341
1342
1343
1344
1345
1346
1347
1348
1349
1350
1351
1352
1353
1354
1355
1356
1357
1358
1359
1360
1361
1362
1363
1364
1365
1366
1367
1368
1369
1370
1371
1372
1373
1374
1375
1376
1377
1378
1379
1380
1381
1382
1383
1384
1385
1386
1387
1388
1389
1390
1391
1392
1393
1394
1395
1396
1397
1398
1399
1400
1401
1402
1403
1404
1405
1406
1407
1408
1409
1410
1411
1412
1413
1414
1415
1416
1417
1418
1419
1420
1421
1422
1423
1424
1425
1426
1427
1428
1429
1430
1431
1432
1433
1434
1435
1436
1437
1438
1439
1440
1441
1442
1443
1444
1445
1446
1447
1448
1449
1450
1451
1452
1453
1454
1455
1456
1457
1458
1459
1460
1461
1462
1463
1464
1465
1466
1467
1468
1469
1470
1471
1472
1473
1474
1475
1476
1477
1478
1479
1480
1481
1482
1483
1484
1485
1486
1487
1488
1489
1490
1491
1492
1493
1494
1495
1496
1497
1498
1499
1500
1501
1502
1503
1504
1505
1506
1507
1508
1509
1510
1511
1512
1513
1514
1515
1516
1517
1518
1519
1520
1521
1522
1523
1524
1525
1526
1527
1528
1529
1530
1531
1532
1533
1534
1535
1536
1537
1538
1539
1540
1541
1542
1543
1544
1545
1546
1547
1548
1549
1550
1551
1552
1553
1554
1555
1556
1557
1558
1559
1560
1561
1562
1563
1564
1565
1566
1567
1568
1569
1570
1571
1572
1573
1574
1575
1576
1577
1578
1579
1580
1581
1582
1583
1584
1585
1586
1587
1588
1589
1590
1591
1592
1593
1594
1595
1596
1597
1598
1599
1600
1601
1602
1603
1604
1605
1606
1607
1608
1609
1610
1611
1612
1613
1614
1615
1616
1617
1618
1619
1620
1621
1622
1623
1624
1625
1626
1627
1628
1629
1630
1631
1632
1633
1634
1635
1636
1637
1638
1639
1640
1641
1642
1643
1644
1645
1646
1647
1648
1649
1650
1651
1652
1653
1654
1655
1656
1657
1658
1659
1660
1661
1662
1663
1664
1665
1666
1667
1668
1669
1670
1671
1672
1673
1674
1675
1676
1677
1678
1679
1680
1681
1682
1683
1684
1685
1686
1687
1688
1689
1690
1691
1692
1693
1694
1695
1696
1697
1698
1699
1700
1701
1702
1703
1704
1705
1706
1707
1708
1709
1710
1711
1712
1713
1714
1715
1716
1717
1718
1719
1720
1721
1722
1723
1724
1725
1726
1727
1728
1729
1730
1731
1732
1733
1734
1735
1736
1737
1738
1739
1740
1741
1742
1743
1744
1745
1746
1747
1748
1749
1750
1751
1752
1753
1754
1755
1756
1757
1758
1759
1760
1761
1762
1763
1764
1765
1766
1767
1768
1769
1770
1771
1772
1773
1774
1775
1776
1777
1778
1779
1780
1781
1782
1783
1784
1785
1786
1787
1788
1789
1790
1791
1792
1793
1794
1795
1796
1797
1798
1799
1800
1801
1802
1803
1804
1805
1806
1807
1808
1809
1810
1811
1812
1813
1814
1815
1816
1817
1818
1819
1820
1821
1822
1823
1824
1825
1826
1827
1828
1829
1830
1831
1832
1833
1834
1835
1836
1837
1838
1839
1840
1841
1842
1843
1844
1845
1846
1847
1848
1849
1850
1851
1852
1853
1854
1855
1856
1857
1858
1859
1860
1861
1862
1863
1864
1865
1866
1867
1868
1869
1870
1871
1872
1873
1874
1875
1876
1877
1878
1879
1880
1881
1882
1883
1884
1885
1886
1887
1888
1889
1890
1891
1892
1893
1894
1895
1896
1897
1898
1899
1900
1901
1902
1903
1904
1905
1906
1907
1908
1909
1910
1911
1912
1913
1914
1915
1916
1917
1918
1919
1920
1921
1922
1923
1924
1925
1926
1927
1928
1929
1930
1931
1932
1933
1934
1935
1936
1937
1938
1939
1940
1941
1942
1943
1944
1945
1946
1947
1948
1949
1950
1951
1952
1953
1954
1955
1956
1957
1958
1959
1960
1961
1962
1963
1964
1965
1966
1967
1968
1969
1970
1971
1972
1973
1974
1975
1976
1977
1978
1979
1980
1981
1982
1983
1984
1985
1986
1987
1988
1989
1990
1991
1992
1993
1994
1995
1996
1997
1998
1999
2000
2001
2002
2003
2004
2005
2006
2007
2008
2009
2010
2011
2012
2013
2014
2015
2016
2017
2018
2019
2020
2021
2022
2023
2024
2025
2026
2027
2028
2029
2030
2031
2032
2033
2034
2035
2036
2037
2038
2039
2040
2041
2042
2043
2044
2045
2046
2047
2048
2049
2050
2051
2052
2053
2054
2055
2056
2057
2058
2059
2060
2061
2062
2063
2064
2065
2066
2067
2068
2069
2070
2071
2072
2073
2074
2075
2076
2077
2078
2079
2080
2081
2082
2083
2084
2085
2086
2087
2088
2089
2090
2091
2092
2093
2094
2095
2096
2097
2098
2099
2100
2101
2102
2103
2104
2105
2106
2107
2108
2109
2110
2111
2112
2113
2114
2115
2116
2117
2118
2119
2120
2121
2122
2123
2124
2125
2126
2127
2128
2129
2130
2131
2132
2133
2134
2135
2136
2137
2138
2139
2140
2141
2142
2143
2144
2145
2146
2147
2148
2149
2150
2151
2152
2153
2154
2155
2156
2157
2158
2159
2160
2161
2162
2163
2164
2165
2166
2167
2168
2169
2170
2171
2172
2173
2174
2175
2176
2177
2178
2179
2180
2181
2182
2183
2184
2185
2186
2187
2188
2189
2190
2191
2192
2193
2194
2195
2196
2197
2198
2199
2200
2201
2202
2203
2204
2205
2206
2207
2208
2209
2210
2211
2212
2213
2214
2215
2216
2217
2218
2219
2220
2221
2222
2223
2224
2225
2226
2227
2228
2229
2230
2231
2232
2233
2234
2235
2236
2237
2238
2239
2240
2241
2242
2243
2244
2245
2246
2247
2248
2249
2250
2251
2252
2253
2254
2255
2256
2257
2258
2259
2260
2261
2262
2263
2264
2265
2266
2267
2268
2269
2270
2271
2272
2273
2274
2275
2276
2277
2278
2279
2280
2281
2282
2283
2284
2285
2286
2287
2288
2289
2290
2291
2292
2293
2294
2295
2296
2297
2298
2299
2300
2301
2302
2303
2304
2305
2306
2307
2308
2309
2310
2311
2312
2313
2314
2315
2316
2317
2318
2319
2320
2321
2322
2323
2324
2325
2326
2327
2328
2329
2330
2331
2332
2333
2334
2335
2336
2337
2338
2339
2340
2341
2342
2343
2344
2345
2346
2347
2348
2349
2350
2351
2352
2353
2354
2355
2356
2357
2358
2359
2360
2361
2362
2363
2364
2365
2366
2367
2368
2369
2370
2371
2372
2373
2374
2375
2376
2377
2378
2379
2380
2381
2382
2383
2384
2385
2386
2387
2388
2389
2390
2391
2392
2393
2394
2395
2396
2397
2398
2399
2400
2401
2402
2403
2404
2405
2406
2407
2408
2409
2410
2411
2412
2413
2414
2415
2416
2417
2418
2419
2420
2421
2422
2423
2424
2425
2426
2427
2428
2429
2430
2431
2432
2433
2434
2435
2436
2437
2438
2439
2440
2441
2442
2443
2444
2445
2446
2447
2448
2449
2450
2451
2452
2453
2454
2455
2456
2457
2458
2459
2460
2461
2462
2463
2464
2465
2466
2467
2468
2469
2470
2471
2472
2473
2474
2475
2476
2477
2478
2479
2480
2481
2482
2483
2484
2485
2486
2487
2488
2489
2490
2491
2492
2493
2494
2495
2496
2497
2498
2499
2500
2501
2502
2503
2504
2505
2506
2507
2508
2509
2510
2511
2512
2513
2514
2515
2516
2517
2518
2519
2520
2521
2522
2523
2524
2525
2526
2527
2528
2529
2530
2531
2532
2533
2534
2535
2536
2537
2538
2539
2540
2541
2542
2543
2544
2545
2546
2547
2548
2549
2550
2551
2552
2553
2554
2555
2556
2557
2558
2559
2560
2561
2562
2563
2564
2565
2566
2567
2568
2569
2570
2571
2572
2573
2574
2575
2576
2577
2578
2579
2580
2581
2582
2583
2584
2585
2586
2587
2588
2589
2590
2591
2592
2593
2594
2595
2596
2597
2598
2599
2600
2601
2602
2603
2604
2605
2606
2607
2608
2609
2610
2611
2612
2613
2614
2615
2616
2617
2618
2619
2620
2621
2622
2623
2624
2625
2626
2627
2628
2629
2630
2631
2632
2633
2634
2635
2636
2637
2638
2639
2640
2641
2642
2643
2644
2645
2646
2647
2648
2649
2650
2651
2652
2653
2654
2655
2656
2657
2658
2659
2660
2661
2662
2663
2664
2665
2666
2667
2668
2669
2670
2671
2672
2673
2674
2675
2676
2677
2678
2679
2680
2681
2682
2683
2684
2685
2686
2687
2688
2689
2690
2691
2692
2693
2694
2695
2696
2697
2698
2699
2700
2701
2702
2703
2704
2705
2706
2707
2708
2709
2710
2711
2712
2713
2714
2715
2716
2717
2718
2719
2720
2721
2722
2723
2724
2725
2726
2727
2728
2729
2730
2731
2732
2733
2734
2735
2736
2737
2738
2739
2740
2741
2742
2743
2744
2745
2746
2747
2748
2749
2750
2751
2752
2753
2754
2755
2756
2757
2758
2759
2760
2761
2762
2763
2764
2765
2766
2767
2768
2769
2770
2771
2772
2773
2774
2775
2776
2777
2778
2779
2780
2781
2782
2783
2784
2785
2786
2787
2788
2789
2790
2791
2792
2793
2794
2795
2796
2797
2798
2799
2800
2801
2802
2803
2804
2805
2806
2807
2808
2809
2810
2811
2812
2813
2814
2815
2816
2817
2818
2819
2820
2821
2822
2823
2824
2825
2826
2827
2828
2829
2830
2831
2832
2833
2834
2835
2836
2837
2838
2839
2840
2841
2842
2843
2844
2845
2846
2847
2848
2849
2850
2851
2852
2853
2854
2855
2856
2857
2858
2859
2860
2861
2862
2863
2864
2865
2866
2867
2868
2869
2870
2871
2872
2873
2874
2875
2876
2877
2878
2879
2880
2881
2882
2883
2884
2885
2886
2887
2888
2889
2890
2891
2892
2893
2894
2895
2896
2897
2898
2899
2900
2901
2902
2903
2904
2905
2906
2907
2908
2909
2910
2911
2912
2913
2914
2915
2916
2917
2918
2919
2920
2921
2922
2923
2924
2925
2926
2927
2928
2929
2930
2931
2932
2933
2934
2935
2936
2937
2938
2939
2940
2941
2942
2943
2944
2945
2946
2947
2948
2949
2950
2951
2952
2953
2954
2955
2956
2957
2958
2959
2960
2961
2962
2963
2964
2965
2966
2967
2968
2969
2970
2971
2972
2973
2974
2975
2976
2977
2978
2979
2980
2981
2982
2983
2984
2985
2986
2987
2988
2989
2990
2991
2992
2993
2994
2995
2996
2997
2998
2999
3000
3001
3002
3003
3004
3005
3006
3007
3008
3009
3010
3011
3012
3013
3014
3015
3016
3017
3018
3019
3020
3021
3022
3023
3024
3025
3026
3027
3028
3029
3030
3031
3032
3033
3034
3035
3036
3037
3038
3039
3040
3041
3042
3043
3044
3045
3046
3047
3048
3049
3050
3051
3052
3053
3054
3055
3056
3057
3058
3059
3060
3061
3062
3063
3064
3065
3066
3067
3068
3069
3070
3071
3072
3073
3074
3075
3076
3077
3078
3079
3080
3081
3082
3083
3084
3085
3086
3087
3088
3089
3090
3091
3092
3093
3094
3095
3096
3097
3098
3099
3100
3101
3102
3103
3104
3105
3106
3107
3108
3109
3110
3111
3112
3113
3114
3115
3116
3117
3118
3119
3120
3121
3122
3123
3124
3125
3126
3127
3128
3129
3130
3131
3132
3133
3134
3135
3136
3137
3138
3139
3140
3141
3142
3143
3144
3145
3146
3147
3148
3149
3150
3151
3152
3153
3154
3155
3156
3157
3158
3159
3160
3161
3162
3163
3164
3165
3166
3167
3168
3169
3170
3171
3172
3173
3174
3175
3176
3177
3178
3179
3180
3181
3182
3183
3184
3185
3186
3187
3188
3189
3190
3191
3192
3193
3194
3195
3196
3197
3198
3199
3200
3201
3202
3203
3204
3205
3206
3207
3208
3209
3210
3211
3212
3213
3214
3215
3216
3217
3218
3219
3220
3221
3222
3223
3224
3225
3226
3227
3228
3229
3230
3231
3232
3233
3234
3235
3236
3237
3238
3239
3240
3241
3242
3243
3244
3245
3246
3247
3248
3249
3250
3251
3252
3253
3254
3255
3256
3257
3258
3259
3260
3261
3262
3263
3264
3265
3266
3267
3268
3269
3270
3271
3272
3273
3274
3275
3276
3277
3278
3279
3280
3281
3282
3283
3284
3285
3286
3287
3288
3289
3290
3291
3292
3293
3294
3295
3296
3297
3298
3299
3300
3301
3302
3303
3304
3305
3306
3307
3308
3309
3310
3311
3312
3313
3314
3315
3316
3317
3318
3319
3320
3321
3322
3323
3324
3325
3326
3327
3328
3329
3330
3331
3332
3333
3334
3335
3336
3337
3338
3339
3340
3341
3342
3343
3344
3345
3346
3347
3348
3349
3350
3351
3352
3353
3354
3355
3356
3357
3358
3359
3360
3361
3362
3363
3364
3365
3366
3367
3368
3369
3370
3371
3372
3373
3374
3375
3376
3377
3378
3379
3380
3381
3382
3383
3384
3385
3386
3387
3388
3389
3390
3391
3392
3393
3394
3395
3396
3397
3398
3399
3400
3401
3402
3403
3404
3405
3406
3407
3408
3409
3410
3411
3412
3413
3414
3415
3416
3417
3418
3419
3420
3421
3422
3423
3424
3425
3426
3427
3428
3429
3430
3431
3432
3433
3434
3435
3436
3437
3438
3439
3440
3441
3442
3443
3444
3445
3446
3447
3448
3449
3450
3451
3452
3453
3454
3455
3456
3457
3458
3459
3460
3461
3462
3463
3464
3465
3466
3467
3468
3469
3470
3471
3472
3473
3474
3475
3476
3477
3478
3479
3480
3481
3482
3483
3484
3485
3486
3487
3488
3489
3490
3491
3492
3493
3494
3495
3496
3497
3498
3499
3500
3501
3502
3503
3504
3505
3506
3507
3508
3509
3510
3511
3512
3513
3514
3515
3516
3517
3518
3519
3520
3521
3522
3523
3524
3525
3526
3527
3528
3529
3530
3531
3532
3533
3534
3535
3536
3537
3538
3539
3540
3541
3542
3543
3544
3545
3546
3547
3548
3549
3550
3551
3552
3553
3554
3555
3556
3557
3558
3559
3560
3561
3562
3563
3564
3565
3566
3567
3568
3569
3570
3571
3572
3573
3574
3575
3576
3577
3578
3579
3580
3581
3582
3583
3584
3585
3586
3587
3588
3589
3590
3591
3592
3593
3594
3595
3596
3597
3598
3599
3600
3601
3602
3603
3604
3605
3606
3607
3608
3609
3610
3611
3612
3613
3614
3615
3616
3617
3618
3619
3620
3621
3622
3623
3624
3625
3626
3627
3628
3629
3630
3631
3632
3633
3634
3635
3636
3637
3638
3639
3640
3641
3642
3643
3644
3645
3646
3647
3648
3649
3650
3651
3652
3653
3654
3655
3656
3657
3658
3659
3660
3661
3662
3663
3664
3665
3666
3667
3668
3669
3670
3671
3672
3673
3674
3675
3676
3677
3678
3679
3680
3681
3682
3683
3684
3685
3686
3687
3688
3689
3690
3691
3692
3693
3694
3695
3696
3697
3698
3699
3700
3701
3702
3703
3704
3705
3706
3707
3708
3709
3710
3711
3712
3713
3714
3715
3716
3717
3718
3719
3720
3721
3722
3723
3724
3725
3726
3727
3728
3729
3730
3731
3732
3733
3734
3735
3736
3737
3738
3739
3740
3741
3742
3743
3744
3745
3746
3747
3748
3749
3750
3751
3752
3753
3754
3755
3756
3757
3758
3759
3760
3761
3762
3763
3764
3765
3766
3767
3768
3769
3770
3771
3772
3773
3774
3775
3776
3777
3778
3779
3780
3781
3782
3783
3784
3785
3786
3787
3788
3789
3790
3791
3792
3793
3794
3795
3796
3797
3798
3799
3800
3801
3802
3803
3804
3805
3806
3807
3808
3809
3810
3811
3812
3813
3814
3815
3816
3817
3818
3819
3820
3821
3822
3823
3824
3825
3826
3827
3828
3829
3830
3831
3832
3833
3834
3835
3836
3837
3838
3839
3840
3841
3842
3843
3844
3845
3846
3847
3848
3849
3850
3851
3852
3853
3854
3855
3856
3857
3858
3859
3860
3861
3862
3863
3864
3865
3866
3867
3868
3869
3870
3871
3872
3873
3874
3875
3876
3877
3878
3879
3880
3881
3882
3883
3884
3885
3886
3887
3888
3889
3890
3891
3892
3893
3894
3895
3896
3897
3898
3899
3900
3901
3902
3903
3904
3905
3906
3907
3908
3909
3910
3911
3912
3913
3914
3915
3916
3917
3918
3919
3920
3921
3922
3923
3924
3925
3926
3927
3928
3929
3930
3931
3932
3933
3934
3935
3936
3937
3938
3939
3940
3941
3942
3943
3944
3945
3946
3947
3948
3949
3950
3951
3952
3953
3954
3955
3956
3957
3958
3959
3960
3961
3962
3963
3964
3965
3966
3967
3968
3969
3970
3971
3972
3973
3974
3975
3976
3977
3978
3979
3980
3981
3982
3983
3984
3985
3986
3987
3988
3989
3990
3991
3992
3993
3994
3995
3996
3997
3998
3999
4000
