#
6000
1600
3765
168
2385
2139
3174
260
1149
3162
1681
2373
1263
3787
2723
3606
878
754
1216
1046
3079
1919
3872
3504
2907
3057
2527
1428
1065
1246
2202
497
829
1465
2581
3883
3069
2083
1827
2641
423
1613
2775
3982
3592
3625
1976
2801
1083
980
1477
2216
3553
2362
3651
3742
514
3624
3774
794
1847
1549
1881
3980
1051
2361
3195
3589
2210
1686
630
3101
3581
2191
844
742
419
2403
222
1077
2538
3300
3484
2577
366
946
2316
3270
2132
1817
2498
820
1221
511
1265
295
3698
1898
1481
3722
1133
3480
1506
915
165
3964
593
1985
1111
3204
796
2451
3145
1572
2625
2009
263
127
946
739
1453
1102
301
2850
1970
1161
3090
1173
1910
2001
3773
2586
2963
2120
3732
2759
3618
359
1157
1970
625
3972
2604
2864
53
603
1417
548
780
2785
285
2115
3232
2792
833
2
1185
1193
3277
2389
996
3983
3277
3974
1253
3295
3669
2399
2766
3252
3007
2553
2768
1585
197
3442
2957
840
2097
3408
3974
783
3897
3364
3991
193
2263
1452
3997
3868
1782
74
947
1632
2574
1571
348
430
1282
408
2525
18
3880
3938
127
1134
2226
96
2926
3881
1191
3618
3784
1380
250
292
217
1408
2776
2766
940
1000
3853
3116
514
2879
1735
1772
1905
1782
3263
2336
1639
2362
808
2195
1824
2701
2117
2534
940
606
2320
2605
2144
3698
3702
1575
3888
1355
360
839
2716
3762
1112
1073
956
645
1417
2525
2445
1912
2927
2458
2401
755
3708
744
3375
2350
484
2874
1838
1376
2137
3125
652
488
3698
2745
2347
2803
137
1158
3158
2852
1235
2182
937
1115
3209
2007
3507
1176
661
1205
2358
3544
1142
582
2520
3651
1383
1931
1475
1951
258
766
3393
174
3220
1099
2387
3867
1637
18
358
1213
806
3441
1053
3764
1552
2938
1511
2618
1060
3782
3146
97
2393
2993
792
1796
3162
2418
2360
3042
2290
2275
1882
3128
1294
2154
3343
1702
2285
1134
63
2575
2580
3375
2783
35
429
3491
1998
2019
3448
341
2173
1156
1511
3641
1462
1764
697
592
3544
2309
455
2357
929
3948
3706
3257
3366
141
3199
331
502
3496
3716
1846
1218
2972
3475
3877
3482
2298
3391
750
2792
3607
3929
2096
3287
1928
1048
560
2194
983
1121
1168
1383
2076
3916
1877
275
1358
442
472
616
1123
3139
571
2920
3276
2888
224
1451
2900
2100
316
405
191
1575
2442
3279
3610
838
3070
242
2832
1319
3
1366
3718
3288
266
2083
999
606
71
3383
2705
3216
3471
3440
308
2466
2395
3348
2684
2740
2122
750
2201
2920
2571
1836
2715
2530
2185
1882
2773
2127
1813
3046
245
1924
2147
3938
307
2400
1791
1753
2675
3649
1151
3924
3201
3339
2909
146
2797
1991
611
1630
3557
2840
2617
2525
102
3263
335
2803
3184
1381
3556
392
1159
2227
1801
348
1106
1637
3417
14
1980
3177
666
1116
3074
3812
3108
2341
2240
1137
2222
2344
763
129
242
3763
1073
476
3593
1599
2923
3766
758
2210
1363
3137
2708
127
3939
739
2214
2974
659
624
1463
803
1320
411
35
2796
2059
725
1082
1218
2510
2456
3515
3450
3509
2786
3093
2499
1225
1075
1110
3138
1331
739
648
956
3657
3223
3795
2260
1127
3279
588
3629
187
2775
2725
3125
3889
2815
2855
2804
1274
3610
714
828
3925
3392
1772
1215
1826
737
3070
3743
2116
2932
2322
2067
1875
1895
2386
2749
3161
3192
3628
550
2488
523
3425
1166
487
2776
3344
112
1042
1065
63
2765
2008
2787
1931
841
57
2817
1312
92
1061
737
1013
3431
2488
1139
681
3167
3345
1757
3413
2913
334
545
3618
1892
2202
1510
71
2100
905
1705
585
2868
3683
1313
2358
605
3253
2904
379
959
1004
2701
1668
2624
1735
3585
2393
1409
622
2245
2883
2543
66
316
129
70
2810
3117
2944
2777
131
326
2374
1067
2778
3596
1830
2835
2774
2051
536
3731
3191
2169
3161
2095
177
3995
521
3091
376
3146
2971
1814
1778
232
2509
2456
1772
693
794
3500
1891
2522
2866
3712
886
1521
2885
2723
2292
2807
1457
2861
789
2948
70
3823
3633
2761
1702
3228
1522
2540
2871
2975
724
3403
2681
2307
1933
517
1975
995
3801
477
3329
2229
2539
3443
3920
466
3769
1133
2696
2449
599
3829
443
1627
3637
2861
1735
2595
1271
3571
3049
931
798
3979
3795
1626
412
210
2750
677
3260
1539
4000
523
1780
3864
2327
2194
784
2433
1939
547
1950
1746
2171
1059
2951
3146
3956
1882
3958
2832
1622
709
3612
2456
3381
837
3670
1128
221
2350
1768
1371
1747
2087
2079
3061
3380
2910
1145
2830
872
3211
206
3329
3980
2840
2371
1302
3721
507
30
2787
1551
189
2015
3786
229
2181
2461
626
2770
3126
368
1707
3232
2398
3979
450
365
1121
3087
928
3444
1337
234
2900
1400
1984
3601
3098
761
2474
750
3530
2928
2429
575
1366
1731
46
1711
1246
3650
3637
174
2000
3432
2564
1801
227
1611
1651
1480
2572
1404
2595
2384
3770
1665
3083
3953
2070
3231
1592
659
2800
3166
701
489
3236
2620
1641
2616
1820
1872
3026
2159
258
1122
933
1510
3061
2381
3327
3099
2750
1987
1175
49
3906
3781
3841
2679
1513
2705
2743
958
3128
2036
2187
3987
3171
3987
2283
1034
2622
1863
1405
872
2151
2646
1784
1482
3265
259
3015
1271
3108
1328
992
3799
787
3364
2711
3368
1113
3567
695
3350
2012
2258
2369
1147
232
822
55
2356
819
455
3150
365
3647
191
2469
1786
1676
538
2043
487
730
3795
553
3685
3022
1047
253
147
338
1187
3097
534
286
77
2534
33
1864
3312
3907
1262
2495
1847
1501
1481
466
1103
2024
1261
3788
1035
1160
3041
3490
2802
1965
3995
1210
2796
2491
2626
2505
3207
1747
1024
1918
1246
1849
1851
2422
564
1094
505
739
1702
329
2799
392
1513
1096
2866
3775
915
136
3373
3577
305
2322
1350
2999
1991
2716
2616
2267
3607
3303
3875
1254
956
2089
1869
1632
2574
3317
3990
3310
2897
3879
2392
1180
1526
2147
425
3917
3297
2817
3253
11
2851
3374
372
2365
2291
3252
1050
1625
2588
1209
2938
1886
2191
1132
164
2497
3182
559
1593
2277
2880
664
883
2955
3129
3311
3834
1945
1404
3485
883
3306
3381
3120
3410
3022
949
839
68
2395
2305
2835
754
3220
1364
2544
282
3923
2714
348
1066
832
2544
731
662
3471
908
478
1399
2045
2544
3185
3767
1922
1030
2425
2322
3529
1503
3312
3609
3290
1922
2046
2591
3813
3607
44
2495
603
285
243
1100
2553
2209
1533
3067
3206
3180
2121
3171
3206
1485
695
1261
1224
805
956
480
2747
1535
3780
3427
978
3315
632
3122
2321
2850
3906
3933
288
969
2544
2334
761
1125
3016
1778
2772
3907
1573
3814
2427
630
2555
3562
2744
3035
666
3163
3400
3759
379
451
567
3191
2942
1029
3822
319
2616
1690
2552
1412
167
1220
3529
1189
1076
3236
3472
3550
3182
2965
1319
3834
2271
2400
772
3064
1365
1761
98
3264
1380
157
397
3181
3460
357
1410
134
2221
3473
2533
2789
991
1409
3665
3016
1946
505
2608
3389
947
715
1559
2429
1402
3894
3043
2008
3607
1194
2520
3465
3101
192
1032
1623
893
637
1251
3990
544
908
2868
2358
47
1634
3029
2700
3298
463
2223
1388
1990
357
3880
417
2030
1663
3270
1628
3884
2222
3572
3201
1550
2075
1424
2513
2902
1313
1535
1661
702
3654
3877
1503
2505
262
2
1386
3815
3654
3719
2820
465
1665
3036
1331
3981
1310
2701
2636
1069
2429
3001
159
3369
3743
2511
2196
707
162
3274
2086
219
637
2596
601
3474
2628
2160
2835
1202
1328
1471
317
2952
3381
2619
1265
3670
2422
1111
1735
403
3129
1059
1130
3513
1199
2692
3327
1701
3861
156
3147
1394
3223
2298
3806
2208
3396
3733
2364
2733
2258
764
3257
885
2311
2983
1227
2846
3379
1102
2839
786
3536
3981
275
383
1034
3731
6
2889
2778
1018
2803
3871
3155
160
871
721
921
2946
1811
2494
1913
947
1313
1086
307
2240
3801
86
1412
1815
1744
546
2572
1470
534
2562
1384
3067
2644
3465
188
3432
535
3758
3170
31
3242
191
2964
2266
2978
911
246
2007
1283
1368
3046
2035
75
2345
1400
3647
3836
1649
3352
3561
652
1594
626
317
3932
830
2093
1018
1437
277
631
1494
3551
308
594
3887
2141
1793
3425
1647
471
1169
3228
3424
2263
723
644
3214
1434
3746
3760
3711
67
206
2593
3080
736
3065
1357
280
3165
2803
2577
2365
3254
756
2095
1079
449
2707
3646
2432
981
1787
3778
2258
419
3023
2502
1662
3875
3069
3286
726
2589
211
3350
1622
1317
3740
3648
885
2338
828
1201
1758
3095
3712
3455
2426
1360
837
3709
3551
1355
639
3876
1290
1485
2842
1290
3595
1161
2962
210
2569
611
2100
3808
502
3924
2493
354
242
12
790
1847
1433
1817
1987
2380
1412
3077
3933
280
3086
1938
317
1501
1192
1253
799
1195
2193
2325
2892
292
2686
752
3470
3611
673
1115
3319
1517
1908
3962
794
1710
1925
1756
2710
755
3492
3721
2953
638
3954
752
921
927
2225
1549
3756
3584
1535
1986
1704
2641
3649
3352
1537
1253
3892
2187
3952
965
332
2956
1925
1556
377
2665
3307
3089
214
3578
707
3975
1018
2254
513
3109
3380
2969
3938
1240
2996
2932
3648
14
2335
3431
3015
3779
883
2241
210
2100
702
1052
641
3015
8
737
3364
2611
3605
2116
1291
79
2714
3758
1653
2077
232
2764
1381
293
1451
3374
2699
2094
988
579
497
2565
313
1291
1836
3887
117
933
3593
3328
2567
48
3853
1960
420
1951
2118
3866
2356
3940
2250
1779
504
3800
1820
2704
2438
2624
64
1450
762
230
635
2043
767
3761
1895
1543
3211
704
3002
1893
255
2731
1763
3232
1126
3295
1572
2281
3647
775
1585
1452
3186
667
3318
2804
3675
2502
2830
279
1535
104
1123
1149
457
486
3021
116
1212
1951
2775
3090
3953
1007
377
2537
1173
10
2639
3331
1098
1372
2359
1294
3566
1950
655
2176
1502
766
2700
1495
2175
3129
1856
435
3850
1488
831
3489
3030
2548
2657
329
401
2415
1407
1918
2520
1419
692
1512
235
2172
947
1061
2174
3247
601
568
1972
686
3209
1200
2138
642
239
1566
2876
1503
3940
1734
3601
199
1094
3831
2862
2207
20
470
3224
106
2088
1256
2358
236
1040
1944
2587
3907
1539
972
3852
202
2798
2649
732
3822
2053
355
1922
824
1248
3655
223
1394
1185
1596
1059
2473
1083
3634
3505
2878
3437
714
2491
2655
603
3943
2404
3344
10
2839
2609
3451
2839
792
1557
1750
3747
3864
189
3876
652
1785
1341
3024
2532
2433
2233
165
778
453
196
3198
3734
1416
634
3098
1827
2993
1716
2749
1738
2674
1208
1409
2574
3
2581
2679
740
1976
2730
2704
2370
491
2311
229
487
2442
2279
1717
2644
831
1454
1461
3501
3447
3609
3860
24
2783
75
3954
1982
445
133
1320
117
2988
2098
436
1572
3493
3389
1233
2664
302
238
1076
2508
873
760
1734
627
756
3592
1061
3119
1975
199
427
1804
1189
2102
12
390
2983
3740
999
2988
3745
868
2687
1273
3277
2299
2925
3670
2424
331
706
1425
2567
1858
557
114
210
2939
1763
1329
3105
1143
1299
3388
1105
940
1430
1336
1638
3485
1690
3581
2734
3648
3484
1308
3243
107
1759
196
3088
2510
112
1851
3521
842
409
2954
3636
560
2670
2727
878
2842
594
1968
1272
1835
3591
150
3899
2500
2436
535
967
852
3731
811
536
993
1852
1200
1460
80
2369
1881
2826
1578
184
1224
1279
3907
606
3591
1625
2548
188
78
206
66
3373
2226
1135
2609
2099
2300
5
419
1162
2376
1127
3276
837
1598
110
309
1325
2528
2918
420
363
1399
1189
2665
110
430
807
1428
16
1979
1739
294
416
223
3198
3811
1622
155
204
718
2733
2713
597
78
3332
714
370
2421
2698
950
2897
735
2392
158
696
1613
1843
3966
2259
1365
2664
1742
3181
1998
1160
2373
2537
1463
443
701
2200
3989
948
2084
2113
2584
1904
1467
1150
1247
942
1781
2231
2383
1874
2479
3027
523
1888
2290
287
3508
1288
323
2360
2465
1972
3163
3982
2599
1862
1246
3100
2639
3721
1014
1290
2525
7
793
2061
394
3834
2271
3840
3007
3308
928
2733
2872
2987
1333
1565
3209
17
3244
2473
3746
455
1600
492
2422
1420
819
533
329
2348
1230
2803
3251
1941
3485
3733
3688
3088
2642
554
1662
1180
358
1901
548
2275
2070
3472
3973
1662
1740
2342
1332
3336
1115
421
1994
3606
2300
154
2035
2093
1293
182
3478
3172
1862
1110
3462
65
1804
887
1970
3590
1770
1209
1960
164
161
1390
178
1254
970
2570
3654
87
1571
913
3796
3066
1633
1145
2964
2210
3039
624
2530
702
3938
887
3898
2034
2480
2035
1718
2171
1354
522
3218
3369
3612
966
2998
2917
3854
994
2893
3242
57
2693
1289
470
3508
2719
2913
3346
361
3114
2530
907
2419
2325
3393
679
1835
1517
842
3335
2826
3369
3915
2888
772
832
1914
3755
754
3170
575
3260
3666
1875
1366
3552
3353
440
2175
3369
1120
2655
2270
3867
685
316
2156
3168
3606
1697
3550
511
2797
2829
844
137
916
1116
3467
2578
618
2238
2204
1176
827
2477
1387
893
742
397
2478
2682
1987
786
1673
2598
200
526
3949
3050
4000
1244
4000
2336
2313
589
1868
2060
260
1697
58
3707
30
1783
1731
2427
3164
2880
1776
1218
3377
902
3502
520
2768
612
2918
774
210
261
3860
3908
1769
1783
586
752
1931
2018
382
1653
573
2710
285
1622
760
3623
2440
3220
3746
1806
2326
838
1082
1352
1141
3284
370
3535
3271
2959
1802
1979
2795
181
3237
1158
1998
2464
3107
3475
3595
2524
1018
651
3364
3050
466
3278
1700
1693
2941
3142
919
2816
2624
2710
3450
597
3975
995
1707
3896
2828
2503
230
1296
1306
990
2625
1529
355
2800
1515
3621
526
2268
2019
3396
1251
2922
579
3638
244
1216
3404
3466
1026
505
242
2960
856
3302
780
1430
3776
1922
2813
1813
2598
3424
3187
2564
378
2549
1785
3984
2555
3548
3793
2276
3134
1655
3713
3483
2953
1920
3603
964
1716
853
1986
1920
1125
1771
329
902
2617
533
1150
3407
1030
1823
1099
1466
2055
74
3910
1037
3409
3950
2057
336
2802
1629
2260
3496
980
2834
2427
2785
2953
3551
1801
889
997
3080
1851
3125
784
3124
2354
2083
1178
1566
3688
3316
705
2733
1991
1398
3202
2776
2085
1619
654
187
956
2753
2138
82
345
3857
748
1596
2495
1993
1469
2033
2918
2122
3867
342
3660
2011
3342
315
58
3775
3709
1940
1913
1704
3187
1148
774
1432
3761
3181
740
3075
3171
801
1673
20
3718
1552
1727
3228
2788
575
2299
2372
2787
1909
3503
2776
3934
3545
2976
3025
1927
2343
1314
1226
3341
3898
876
2890
3812
1987
3646
2421
3544
1056
3830
1320
1383
2469
589
1258
54
3210
2853
1128
1409
1525
997
1516
38
953
3793
3277
3018
2371
1643
956
1295
998
2002
3217
890
3305
2911
3282
342
2960
437
2657
2060
2221
2136
175
2693
3727
2871
828
716
3183
131
694
1847
1405
1451
221
3714
2235
3606
2275
2717
1131
1651
465
2973
1782
1060
43
1095
121
1963
551
2101
2734
3544
348
15
167
2295
947
3829
407
2176
1639
2960
1674
2446
3306
1020
1008
2887
2186
2480
1446
1388
2764
3962
3295
3290
1093
3572
334
685
1630
579
3015
3892
3420
3492
1530
2522
1862
2035
335
1770
2597
444
3550
2374
1015
2016
3208
3563
258
2081
2319
3507
2794
1249
1489
2599
912
603
493
373
2025
181
2263
1633
445
2960
1979
1029
2080
557
2944
1563
3888
1348
824
3258
2666
76
2782
935
2257
733
1171
2178
2478
172
2516
1056
47
1319
1185
1807
1053
608
2050
2345
1209
3832
3634
179
1064
1110
1938
845
3599
1201
2317
2410
1150
202
2923
2573
1045
2942
2215
849
3879
2696
2541
2873
2147
635
1100
2070
2447
1188
1789
1789
3538
478
859
156
1359
1239
50
2105
3301
311
3324
2502
3030
1979
1109
3998
453
2335
2661
2491
2593
3434
3632
3712
913
634
972
841
1198
298
1700
3735
320
2072
1898
3853
2652
1911
2762
95
1474
1110
676
2272
2745
1071
3290
1584
2485
113
1940
600
2346
2457
2270
1813
1297
2630
1345
1866
3254
1436
2325
2852
494
401
2758
794
2962
73
2834
3035
1227
1783
3704
2876
3677
1585
634
3572
811
1291
2169
2036
1077
2930
257
3800
3927
3830
2045
2007
191
556
1732
2632
850
2269
3303
1687
2869
423
3861
2272
3351
2166
1006
498
2441
2433
2442
1335
281
2744
3095
3678
3513
1617
34
1503
143
1083
3109
136
609
2710
1060
2139
1473
654
1107
1960
746
3784
1031
2883
2745
579
3108
608
3871
486
3831
2661
2070
574
2035
2904
3629
290
450
3727
2484
3617
5
2644
942
3735
2895
2887
3203
1605
2183
3961
1225
2937
2640
2096
1774
2820
1332
105
3959
625
128
3572
2985
865
1766
3408
3421
1712
1137
3129
3926
2541
1543
1453
3548
3017
907
2349
2044
617
1174
439
2883
3717
2823
3253
1474
2219
30
3351
3471
1005
3838
2800
2822
1089
2525
2038
2467
2591
1335
2905
291
1303
3057
1511
372
2486
3134
3440
1173
3797
1746
3371
695
851
2920
805
3242
4000
1575
2391
3017
708
3700
1023
3193
241
3025
1085
2276
2589
765
582
242
3651
3924
736
2754
3040
1685
2484
1142
2744
2740
99
1865
2530
2457
1045
995
2048
2192
3942
724
1130
61
1984
2536
736
3236
3025
2463
1369
2497
3132
1358
3438
3437
946
3881
2093
2492
3134
1990
601
1996
2501
664
3535
1275
3942
1508
3973
2891
1318
1265
3346
2284
2654
577
2325
533
3864
2208
162
1437
3772
191
945
1680
2860
3396
3410
3724
3005
3249
1053
161
544
2204
1474
1772
3529
3828
1804
3131
2974
2927
3288
1650
897
371
80
3464
1190
3474
2905
2850
2388
2388
2720
2885
3529
854
3975
2924
296
1122
1303
1436
3580
3575
3268
3951
2859
2572
2139
901
1276
2928
933
523
3725
3076
90
392
1192
210
1478
3034
2883
2602
720
2183
1752
3015
1029
357
3046
517
176
190
2838
1816
799
197
1486
1725
2791
2382
2364
960
2521
2970
1114
2814
2953
426
2316
3233
1301
334
3059
2538
3517
509
2119
3414
2735
3339
3921
3411
3545
3817
3877
3729
1023
1447
97
3688
1377
3276
3236
1291
1371
2821
1222
1990
2408
1932
169
221
3085
870
2721
2950
371
1316
208
106
2235
1293
1740
3018
746
3255
2219
1437
2717
3756
3006
2716
2577
2526
552
3264
2731
3212
1160
1365
168
2396
86
1032
2107
1701
1812
2529
2917
1329
1339
1491
2674
2689
2134
3080
1515
1329
38
3008
2685
981
182
800
2568
3463
799
348
2965
469
780
737
1867
1224
961
1
1846
3887
3569
1176
658
1838
2344
3813
1706
3768
3863
2314
688
1094
2994
1894
1664
2411
728
2501
1943
196
1400
1260
1336
1748
3995
1233
1887
367
2338
3803
3964
1346
2642
2339
3571
2009
2275
1652
3681
1374
902
147
2147
256
376
1499
968
1100
2759
2889
2323
617
1338
682
779
1740
1050
807
2527
1530
1753
2355
3685
734
3501
3988
844
1486
3466
592
3044
1266
2782
1818
3034
609
305
173
2451
1360
2956
1610
787
105
3164
2620
3495
1317
3225
2272
3129
282
2396
424
1944
1419
65
684
2064
2737
789
3275
491
2126
3250
2144
569
2007
304
1522
3404
863
6
3856
3340
1859
631
2623
1778
3132
2418
1631
3149
3475
2804
844
2100
588
3038
1293
2684
1047
3835
53
346
2863
2773
3787
3905
3539
1512
1519
2784
3317
3187
2206
3353
3215
2414
3524
3960
213
2704
518
639
3268
3197
2025
1994
2012
1866
3897
3424
1865
498
2803
1904
3266
3605
2491
3762
2475
1548
3294
1015
759
1066
926
2621
1752
3370
3654
2354
1028
267
1103
3550
365
949
3113
2526
2811
1533
497
3659
3009
3087
739
3805
2975
3120
737
3733
119
2091
1291
453
488
1118
797
3537
3291
1096
2861
3403
1672
2465
1356
2499
429
2457
317
3191
3876
3685
2627
1350
1679
1478
2657
671
3225
3846
623
1937
2707
3339
2876
2555
1441
2438
2217
2395
3234
1318
115
836
664
3459
2451
3339
2653
2530
1168
2163
2316
177
2934
834
3080
1361
808
2
3292
3370
666
3722
2288
2083
323
209
3465
3388
603
1590
2705
3588
1874
1467
1584
351
3289
1560
2739
2193
101
381
2479
477
3704
375
197
3544
3014
1494
2019
400
782
2064
581
3438
2719
1138
3413
2783
3963
1455
2435
2927
172
557
996
1860
984
851
3242
2334
656
2199
3840
1942
3018
2599
2402
2976
1078
1464
3683
266
714
2367
3527
3747
2324
3506
3447
3578
471
108
3185
1955
1643
2799
3445
769
1350
2241
946
3393
2452
2913
1328
654
285
33
3776
2416
926
2102
519
937
3516
927
3194
41
792
2196
728
1867
1390
987
3693
2443
3306
2923
1406
2363
1008
1312
845
3797
81
2862
1779
2939
2359
1317
43
2028
1572
2671
3674
2827
3790
1448
1948
120
431
2312
120
403
291
3386
1733
913
293
1485
3450
1438
1808
378
1948
1432
395
483
3617
3480
22
3263
1152
1539
14
3099
247
108
2488
3954
2242
3002
1970
831
2110
1675
2607
2583
1443
2702
2362
195
474
1312
2351
1630
3975
369
1319
235
430
1387
1247
3520
3182
2470
144
2461
1955
983
2063
947
1266
3068
2240
1008
649
1713
3213
1288
2497
3643
2132
3184
2956
2579
3915
56
1320
1378
1186
3746
3268
3786
3786
2870
911
2729
3675
134
2308
1952
1885
2710
3079
1411
1789
3633
1593
1711
356
2650
3498
2647
1265
1320
1127
1429
904
2425
389
2296
257
3129
1217
1666
2628
3078
1307
284
3771
1709
2507
1515
3126
2725
3807
932
341
2081
2447
987
3847
303
537
2889
709
3714
855
313
2311
602
2421
478
2138
1727
1567
354
2462
296
2140
3930
2608
2488
2861
1662
3656
3916
3300
3710
3947
847
1103
3660
3046
3587
3648
2370
185
2631
2143
819
1253
1647
3526
2190
3012
1359
873
3238
1357
2702
3362
171
3574
3915
1148
3167
3305
2058
1560
582
872
2941
800
405
3480
339
701
2482
2528
3911
2741
473
1161
2603
1867
3573
2229
3997
1203
3863
325
2392
1418
1512
2354
2100
1020
1695
1657
3014
1544
2596
2166
919
2285
1328
3513
481
1703
709
186
3250
495
3709
3968
580
835
3007
3900
1824
1932
3791
1675
645
1418
1906
2277
552
298
3938
2003
508
3014
833
2124
2028
3178
2056
3074
2855
2492
2798
474
232
1335
1485
3588
291
3701
3288
3324
1925
1707
3905
3028
1954
596
3487
264
2363
52
1828
2607
545
673
144
2839
3713
3306
532
1668
1466
3102
39
3806
2635
524
1655
3193
859
1825
2054
1283
1466
3956
2304
823
1379
3750
1745
70
350
2180
189
3159
3709
880
2878
3171
1842
3827
3255
2248
812
3950
1509
2584
3669
3842
20
628
185
3289
620
1798
3395
2933
337
1222
1959
2693
3555
1535
960
2879
1384
3873
2432
1594
1872
1757
1176
410
3281
2825
2987
1850
695
3817
3467
1605
3574
2138
2432
2715
824
887
588
525
629
2373
1842
1634
1438
3818
1708
1304
2694
2583
3785
736
734
2069
1932
2516
3366
1490
2881
1114
117
1976
715
1270
96
3715
2773
1701
3194
980
3557
3191
1612
498
3369
386
359
2613
2502
2079
2215
1839
168
667
1509
3402
68
3503
841
1662
2816
2778
1874
1047
631
2968
2665
3920
106
2888
3812
3860
659
3083
246
624
573
1354
1096
1908
1132
2712
2192
1246
1151
3979
3810
849
270
3509
3439
2008
3152
2032
3277
1629
346
2142
3832
1889
527
1691
3917
3180
2435
102
2376
3709
3947
461
631
3592
1387
3875
42
3287
703
3557
1467
2725
1207
623
1781
2894
1585
1680
1468
351
3687
1716
2452
3668
1073
3551
898
3852
2391
2573
2960
242
1510
2749
2946
2338
2452
401
1911
2355
3734
3108
928
2434
3772
1887
264
777
3716
2458
727
512
3616
46
934
3586
1648
643
3293
1006
1804
205
1082
2098
2098
977
2051
965
1082
402
3625
1549
1553
2586
3653
2062
1605
3661
1837
40
1632
2032
2527
2256
797
3524
1923
3411
3074
3057
2037
459
1183
2582
2249
1750
2738
3078
1960
3806
1691
1488
2657
1444
2918
1730
589
2821
2961
3170
3382
976
2557
1676
1947
634
2292
398
2290
1609
2835
413
704
3871
292
2059
596
1571
2292
779
3990
467
186
3096
1055
2767
1322
3362
3934
2921
3565
3590
824
164
1227
3435
239
1345
1025
2437
842
873
103
2782
3423
479
3944
1665
4000
2665
1202
2544
1358
315
1933
3928
1689
2815
3179
2164
1329
2705
900
2528
2725
458
3662
1367
1536
1323
827
300
582
2758
825
1448
792
3798
518
1141
3647
2599
981
1434
2227
3925
3219
1059
3405
1487
3405
1249
1467
1194
2239
3603
1632
1492
3980
2569
1699
3737
866
441
3402
2254
236
976
2949
2575
761
453
3210
2853
1695
371
3170
3267
2234
2854
2362
253
1418
2087
1168
2285
2135
1934
2125
3481
3830
1712
928
115
3348
2854
598
1416
138
56
3591
1033
2926
1518
3361
3706
1884
24
1816
1826
2365
3966
2637
478
2885
3061
557
1819
3764
3107
609
3097
2415
1133
1523
709
1731
2519
1401
1602
148
1385
1529
1805
349
3790
1534
2287
2363
2207
1346
751
3997
1148
1655
229
1718
143
3262
3821
3610
2208
2241
2657
3936
1501
3880
2780
1684
906
2827
3974
1251
1645
646
2198
158
2343
408
2553
788
129
3944
3699
1124
1218
863
3649
2632
2525
530
2596
628
3515
559
32
2491
2489
2270
2147
3450
3070
5
1035
1515
3651
1930
3770
3593
3688
646
1743
1433
2454
1243
2950
3431
1893
1333
1159
1359
2588
110
58
537
1188
1644
2584
3684
2945
1367
3615
2599
2967
2665
2830
2535
571
3642
294
1123
2791
1133
1397
1483
258
51
1829
1536
1135
3965
596
484
1690
1842
3521
2056
3718
307
3221
1811
1731
960
1072
3992
40
750
1917
2714
510
1864
198
2238
2671
403
521
2389
2713
767
2150
317
2045
1764
3048
1162
549
162
2268
415
192
2691
1035
3357
1342
3769
3824
2826
1963
1422
2581
1955
2661
3886
1294
1559
3066
2858
2220
2013
1938
1491
88
3573
573
2449
2605
1585
2755
978
2830
826
2935
207
3860
430
494
3389
1419
1292
3493
3132
1262
233
3130
3008
1520
3113
3173
890
2695
2569
1478
2571
272
3663
1652
2086
528
1819
3806
3053
2061
2310
834
1988
2378
1819
835
3938
3437
364
3604
2362
2493
2325
1123
2486
1685
2972
1994
704
1946
3679
1757
876
199
1308
2566
2354
1733
1146
2467
673
2967
1893
1593
3552
2603
2707
2315
1049
2394
858
543
579
865
2965
1643
2033
1690
2097
1931
1442
2206
752
3421
3641
2640
1844
2184
2299
3602
1462
2862
3990
2648
1266
3808
1627
1663
3802
478
3726
2814
3451
2568
2898
1891
2930
412
3851
3910
1964
1275
900
774
758
70
758
2787
846
3379
57
1777
142
96
2528
2563
1970
1781
2291
1981
1058
1539
1371
1666
1233
3818
1083
3406
2826
3928
3970
2861
3990
3374
1470
1051
3555
970
3598
83
34
2046
1562
70
2312
505
190
1924
1305
859
2468
3047
2698
933
3089
1242
3816
1517
462
2558
2314
453
3989
2399
3439
1526
2217
3969
922
840
1160
2855
2166
2791
3042
1392
2995
3928
2544
1143
1036
3412
1615
1223
111
2971
1521
3738
24
1220
3093
1048
3318
3266
486
3635
2816
152
57
3459
504
3478
1997
3782
229
676
3494
2638
3828
2757
2571
1625
3183
1149
1207
1071
430
401
3156
2949
1927
3518
2983
1395
1357
3813
572
2410
2992
2604
2389
1904
3374
467
2792
3513
2476
1335
2691
3081
3127
2144
2415
786
1474
3358
1440
1300
3191
3251
3443
2655
1688
3713
1506
2157
2019
3394
1708
320
336
133
1413
289
181
2466
2519
1404
3185
400
3855
1146
1945
1691
1653
1150
2988
2383
271
2628
685
1303
212
2510
414
3946
363
2270
2241
3386
2935
3006
850
818
3199
1834
1558
1564
670
2994
739
3717
1628
2064
2054
2379
3397
2093
915
1181
959
2867
3543
3265
30
1985
1562
975
2128
2686
1761
1545
3369
3223
2653
3261
2749
2593
2774
288
2113
2415
867
477
583
151
1138
2890
2690
3089
1677
793
1792
2388
2023
394
3817
153
2433
1484
303
2663
1187
1409
2658
121
2590
2598
219
3560
796
1171
2431
1958
1190
2156
2697
1971
2481
2474
349
1053
1054
2606
2275
529
1905
403
918
2950
2932
1808
1943
1102
2568
3537
716
2227
2241
2750
67
1707
1524
377
2944
3546
3276
2192
3
3247
2189
1638
1438
3769
1409
1046
868
3910
1430
3177
2315
3761
1649
2880
3290
1234
1716
3222
3148
1762
1687
3224
2632
3831
2215
148
597
590
930
245
3826
3669
2691
3243
2812
2841
3441
1158
503
2320
3165
456
3987
3788
2020
2035
1882
3582
1759
1596
1173
2315
10
2053
3328
3001
3697
462
2949
2760
268
879
2993
2836
1074
3457
295
3230
357
51
1866
2782
15
265
3522
1045
1874
219
1972
2220
889
736
3698
1460
1013
44
3322
2106
1535
3026
3947
2590
1354
2796
1777
2250
2098
3294
2198
3871
853
1842
542
3529
414
1125
356
262
3685
3621
1716
120
1924
3546
1863
1205
2042
517
1850
2724
1132
190
1752
800
3093
24
1688
2884
3087
3001
956
1679
3548
1427
2503
3524
1893
2151
654
1099
1218
2192
2717
2412
1094
1870
3660
3161
1582
1049
976
2638
3888
418
2959
2364
3812
2148
3940
446
3785
268
2997
2030
3801
3704
3847
3902
2577
3054
115
3061
1814
1064
2752
2130
1115
598
2865
3010
90
719
3448
1238
2339
1118
3888
2438
262
66
1115
2531
3557
646
3192
1274
3434
1264
431
2013
2089
3794
1211
2476
423
2495
3763
3426
3250
3984
3435
2904
411
2541
1909
967
3419
3773
1396
3667
2218
787
2752
2121
809
3687
953
1485
829
2801
1812
2682
2356
2174
2700
1424
2871
532
2862
2898
2686
2799
1656
3531
303
790
629
2843
1239
3880
656
2596
827
1006
3233
2916
1240
1468
3707
666
3193
942
1672
2811
2803
1417
2984
2551
3170
3540
3817
1849
3591
2632
3067
3176
1416
3383
509
1108
3067
2837
3731
2096
2565
1979
2355
2156
3245
1136
716
1558
1497
3934
2682
2335
3199
3650
1847
3809
2631
3558
129
1672
2682
311
2363
2001
912
3066
2325
2379
2343
1028
2284
3161
2587
3824
497
3663
2980
2829
391
3770
2654
3380
2322
3277
2680
2113
1894
1016
1806
88
835
3478
3396
209
2394
1255
3343
742
1039
239
1293
1217
834
3956
3296
319
55
1239
2041
1902
3232
2644
2274
571
3926
721
90
1940
303
3937
1970
3172
3623
1058
1652
2151
2158
594
575
2809
112
2203
297
982
1630
2233
3006
1290
366
1231
729
2621
3615
930
798
638
3642
3010
925
3678
2150
1760
2883
3121
3164
397
2604
3673
185
1036
2325
3175
1642
3242
989
3826
3170
3586
2492
788
256
132
3511
2312
1925
1979
3326
477
3555
2578
3609
498
2524
2432
879
1
355
2152
3300
1674
913
750
975
979
2424
2322
2520
1437
271
2991
3171
2056
2258
1667
2871
806
3770
2689
519
2711
2324
2274
1869
1015
3993
1905
3628
1001
2742
1224
328
642
3720
3595
1860
239
1275
1396
297
3841
900
3627
3451
422
3885
1901
720
1285
596
3089
308
3699
2966
3444
3830
229
3621
1580
2755
2799
3984
580
3307
915
659
262
2063
2881
1242
1348
926
3075
1160
2874
3384
42
3419
2828
1261
12
1504
1838
2611
3938
3045
960
2697
3892
1934
1313
849
2228
1007
3797
3594
1974
1198
2790
968
3840
2711
75
2478
29
3592
2183
521
1915
3500
1395
3851
3119
137
640
3071
871
204
365
367
2472
3450
2521
1655
44
2765
31
2566
1795
1039
729
1730
2624
3380
688
196
317
1615
1348
44
2601
3888
1432
2012
1244
3866
1879
3803
2378
3744
3185
3172
816
1730
3814
1808
2448
1196
800
69
2469
3477
2376
2395
3167
1012
1230
25
1698
925
3365
2871
2966
1040
2840
2020
566
2739
1661
3481
1288
147
693
3048
316
1661
2614
434
807
2515
3976
169
668
1106
2946
2002
281
3787
143
790
3106
2774
3805
1709
403
2081
847
1657
2006
2663
1326
3858
1343
1986
3860
2100
645
3750
462
3694
1208
808
1629
2226
1946
1499
2431
2274
2105
3276
375
3077
3500
930
720
638
1801
581
3216
3794
3394
1911
2313
305
1513
3844
3110
469
1528
1258
1929
324
70
3674
4
258
280
393
67
3310
1464
2825
1128
2355
647
10
1754
2603
2619
539
2299
3900
827
3118
1000
2835
747
2671
1419
775
1626
1218
2461
542
1775
2169
3262
1967
1951
771
1751
3149
3944
3819
3107
547
3304
2627
3783
804
2551
569
702
534
1195
1381
818
3097
2444
336
3394
2935
2207
3104
379
2949
1622
2449
612
3685
2342
64
772
2358
14
2802
29
2993
1243
2251
2155
161
2835
1164
417
2302
3502
585
951
1142
3182
2780
1874
1939
2793
1524
1971
3798
1339
2654
2612
3798
379
1288
1022
1220
1320
1614
2642
56
2731
1016
3629
242
3132
3584
2592
1711
2732
3577
1905
312
3940
2684
3692
1183
1447
3309
1463
2236
175
2758
2888
1989
2140
2006
383
3746
3122
3911
3438
101
71
377
2544
2596
3532
1776
1460
280
3475
1077
1194
277
2470
1852
1764
395
1053
705
1287
1789
815
3505
1886
2460
715
819
3989
2490
3526
1896
644
913
3082
3427
246
146
3092
3528
2119
124
3843
2452
3085
1898
2927
691
1265
1837
333
1052
2986
824
1911
1458
2222
1377
1341
137
2369
3844
367
2819
904
3006
3785
2646
886
104
954
1211
2199
1021
1424
2438
790
3843
553
1083
3054
1187
657
1866
2650
743
3998
900
3582
2026
3635
2049
3523
930
763
906
3620
3922
1
2
3
4
5
6
7
8
9
10
11
12
13
14
15
16
17
18
19
20
21
22
23
24
25
26
27
28
29
30
31
32
33
34
35
36
37
38
39
40
41
42
43
44
45
46
47
48
49
50
51
52
53
54
55
56
57
58
59
60
61
62
63
64
65
66
67
68
69
70
71
72
73
74
75
76
77
78
79
80
81
82
83
84
85
86
87
88
89
90
91
92
93
94
95
96
97
98
99
100
101
102
103
104
105
106
107
108
109
110
111
112
113
114
115
116
117
118
119
120
121
122
123
124
125
126
127
128
129
130
131
132
133
134
135
136
137
138
139
140
141
142
143
144
145
146
147
148
149
150
151
152
153
154
155
156
157
158
159
160
161
162
163
164
165
166
167
168
169
170
171
172
173
174
175
176
177
178
179
180
181
182
183
184
185
186
187
188
189
190
191
192
193
194
195
196
197
198
199
200
201
202
203
204
205
206
207
208
209
210
211
212
213
214
215
216
217
218
219
220
221
222
223
224
225
226
227
228
229
230
231
232
233
234
235
236
237
238
239
240
241
242
243
244
245
246
247
248
249
250
251
252
253
254
255
256
257
258
259
260
261
262
263
264
265
266
267
268
269
270
271
272
273
274
275
276
277
278
279
280
281
282
283
284
285
286
287
288
289
290
291
292
293
294
295
296
297
298
299
300
301
302
303
304
305
306
307
308
309
310
311
312
313
314
315
316
317
318
319
320
321
322
323
324
325
326
327
328
329
330
331
332
333
334
335
336
337
338
339
340
341
342
343
344
345
346
347
348
349
350
351
352
353
354
355
356
357
358
359
360
361
362
363
364
365
366
367
368
369
370
371
372
373
374
375
376
377
378
379
380
381
382
383
384
385
386
387
388
389
390
391
392
393
394
395
396
397
398
399
400
401
402
403
404
405
406
407
408
409
410
411
412
413
414
415
416
417
418
419
420
421
422
423
424
425
426
427
428
429
430
431
432
433
434
435
436
437
438
439
440
441
442
443
444
445
446
447
448
449
450
451
452
453
454
455
456
457
458
459
460
461
462
463
464
465
466
467
468
469
470
471
472
473
474
475
476
477
478
479
480
481
482
483
484
485
486
487
488
489
490
491
492
493
494
495
496
497
498
499
500
501
502
503
504
505
506
507
508
509
510
511
512
513
514
515
516
517
518
519
520
521
522
523
524
525
526
527
528
529
530
531
532
533
534
535
536
537
538
539
540
541
542
543
544
545
546
547
548
549
550
551
552
553
554
555
556
557
558
559
560
561
562
563
564
565
566
567
568
569
570
571
572
573
574
575
576
577
578
579
580
581
582
583
584
585
586
587
588
589
590
591
592
593
594
595
596
597
598
599
600
601
602
603
604
605
606
607
608
609
610
611
612
613
614
615
616
617
618
619
620
621
622
623
624
625
626
627
628
629
630
631
632
633
634
635
636
637
638
639
640
641
642
643
644
645
646
647
648
649
650
651
652
653
654
655
656
657
658
659
660
661
662
663
664
665
666
667
668
669
670
671
672
673
674
675
676
677
678
679
680
681
682
683
684
685
686
687
688
689
690
691
692
693
694
695
696
697
698
699
700
701
702
703
704
705
706
707
708
709
710
711
712
713
714
715
716
717
718
719
720
721
722
723
724
725
726
727
728
729
730
731
732
733
734
735
736
737
738
739
740
741
742
743
744
745
746
747
748
749
750
751
752
753
754
755
756
757
758
759
760
761
762
763
764
765
766
767
768
769
770
771
772
773
774
775
776
777
778
779
780
781
782
783
784
785
786
787
788
789
790
791
792
793
794
795
796
797
798
799
800
801
802
803
804
805
806
807
808
809
810
811
812
813
814
815
816
817
818
819
820
821
822
823
824
825
826
827
828
829
830
831
832
833
834
835
836
837
838
839
840
841
842
843
844
845
846
847
848
849
850
851
852
853
854
855
856
857
858
859
860
861
862
863
864
865
866
867
868
869
870
871
872
873
874
875
876
877
878
879
880
881
882
883
884
885
886
887
888
889
890
891
892
893
894
895
896
897
898
899
900
901
902
903
904
905
906
907
908
909
910
911
912
913
914
915
916
917
918
919
920
921
922
923
924
925
926
927
928
929
930
931
932
933
934
935
936
937
938
939
940
941
942
943
944
945
946
947
948
949
950
951
952
953
954
955
956
957
958
959
960
961
962
963
964
965
966
967
968
969
970
971
972
973
974
975
976
977
978
979
980
981
982
983
984
985
986
987
988
989
990
991
992
993
994
995
996
997
998
999
1000
1001
1002
1003
1004
1005
1006
1007
1008
1009
1010
1011
1012
1013
1014
1015
1016
1017
1018
1019
1020
1021
1022
1023
1024
1025
1026
1027
1028
1029
1030
1031
1032
1033
1034
1035
1036
1037
1038
1039
1040
1041
1042
1043
1044
1045
1046
1047
1048
1049
1050
1051
1052
1053
1054
1055
1056
1057
1058
1059
1060
1061
1062
1063
1064
1065
1066
1067
1068
1069
1070
1071
1072
1073
1074
1075
1076
1077
1078
1079
1080
1081
1082
1083
1084
1085
1086
1087
1088
1089
1090
1091
1092
1093
1094
1095
1096
1097
1098
1099
1100
1101
1102
1103
1104
1105
1106
1107
1108
1109
1110
1111
1112
1113
1114
1115
1116
1117
1118
1119
1120
1121
1122
1123
1124
1125
1126
1127
1128
1129
1130
1131
1132
1133
1134
1135
1136
1137
1138
1139
1140
1141
1142
1143
1144
1145
1146
1147
1148
1149
1150
1151
1152
1153
1154
1155
1156
1157
1158
1159
1160
1161
1162
1163
1164
1165
1166
1167
1168
1169
1170
1171
1172
1173
1174
1175
1176
1177
1178
1179
1180
1181
1182
1183
1184
1185
1186
1187
1188
1189
1190
1191
1192
1193
1194
1195
1196
1197
1198
1199
1200
1201
1202
1203
1204
1205
1206
1207
1208
1209
1210
1211
1212
1213
1214
1215
1216
1217
1218
1219
1220
1221
1222
1223
1224
1225
1226
1227
1228
1229
1230
1231
1232
1233
1234
1235
1236
1237
1238
1239
1240
1241
1242
1243
1244
1245
1246
1247
1248
1249
1250
1251
1252
1253
1254
1255
1256
1257
1258
1259
1260
1261
1262
1263
1264
1265
1266
1267
1268
1269
1270
1271
1272
1273
1274
1275
1276
1277
1278
1279
1280
1281
1282
1283
1284
1285
1286
1287
1288
1289
1290
1291
1292
1293
1294
1295
1296
1297
1298
1299
1300
1301
1302
1303
1304
1305
1306
1307
1308
1309
1310
1311
1312
1313
1314
1315
1316
1317
1318
1319
1320
1321
1322
1323
1324
1325
1326
1327
1328
1329
1330
1331
1332
1333
1334
1335
1336
1337
1338
1339
1340
1341
1342
1343
1344
1345
1346
1347
1348
1349
1350
1351
1352
1353
1354
1355
1356
1357
1358
1359
1360
1361
1362
1363
1364
1365
1366
1367
1368
1369
1370
1371
1372
1373
1374
1375
1376
1377
1378
1379
1380
1381
1382
1383
1384
1385
1386
1387
1388
1389
1390
1391
1392
1393
1394
1395
1396
1397
1398
1399
1400
1401
1402
1403
1404
1405
1406
1407
1408
1409
1410
1411
1412
1413
1414
1415
1416
1417
1418
1419
1420
1421
1422
1423
1424
1425
1426
1427
1428
1429
1430
1431
1432
1433
1434
1435
1436
1437
1438
1439
1440
1441
1442
1443
1444
1445
1446
1447
1448
1449
1450
1451
1452
1453
1454
1455
1456
1457
1458
1459
1460
1461
1462
1463
1464
1465
1466
1467
1468
1469
1470
1471
1472
1473
1474
1475
1476
1477
1478
1479
1480
1481
1482
1483
1484
1485
1486
1487
1488
1489
1490
1491
1492
1493
1494
1495
1496
1497
1498
1499
1500
1501
1502
1503
1504
1505
1506
1507
1508
1509
1510
1511
1512
1513
1514
1515
1516
1517
1518
1519
1520
1521
1522
1523
1524
1525
1526
1527
1528
1529
1530
1531
1532
1533
1534
1535
1536
1537
1538
1539
1540
1541
1542
1543
1544
1545
1546
1547
1548
1549
1550
1551
1552
1553
1554
1555
1556
1557
1558
1559
1560
1561
1562
1563
1564
1565
1566
1567
1568
1569
1570
1571
1572
1573
1574
1575
1576
1577
1578
1579
1580
1581
1582
1583
1584
1585
1586
1587
1588
1589
1590
1591
1592
1593
1594
1595
1596
1597
1598
1599
1600
1601
1602
1603
1604
1605
1606
1607
1608
1609
1610
1611
1612
1613
1614
1615
1616
1617
1618
1619
1620
1621
1622
1623
1624
1625
1626
1627
1628
1629
1630
1631
1632
1633
1634
1635
1636
1637
1638
1639
1640
1641
1642
1643
1644
1645
1646
1647
1648
1649
1650
1651
1652
1653
1654
1655
1656
1657
1658
1659
1660
1661
1662
1663
1664
1665
1666
1667
1668
1669
1670
1671
1672
1673
1674
1675
1676
1677
1678
1679
1680
1681
1682
1683
1684
1685
1686
1687
1688
1689
1690
1691
1692
1693
1694
1695
1696
1697
1698
1699
1700
1701
1702
1703
1704
1705
1706
1707
1708
1709
1710
1711
1712
1713
1714
1715
1716
1717
1718
1719
1720
1721
1722
1723
1724
1725
1726
1727
1728
1729
1730
1731
1732
1733
1734
1735
1736
1737
1738
1739
1740
1741
1742
1743
1744
1745
1746
1747
1748
1749
1750
1751
1752
1753
1754
1755
1756
1757
1758
1759
1760
1761
1762
1763
1764
1765
1766
1767
1768
1769
1770
1771
1772
1773
1774
1775
1776
1777
1778
1779
1780
1781
1782
1783
1784
1785
1786
1787
1788
1789
1790
1791
1792
1793
1794
1795
1796
1797
1798
1799
1800
1801
1802
1803
1804
1805
1806
1807
1808
1809
1810
1811
1812
1813
1814
1815
1816
1817
1818
1819
1820
1821
1822
1823
1824
1825
1826
1827
1828
1829
1830
1831
1832
1833
1834
1835
1836
1837
1838
1839
1840
1841
1842
1843
1844
1845
1846
1847
1848
1849
1850
1851
1852
1853
1854
1855
1856
1857
1858
1859
1860
1861
1862
1863
1864
1865
1866
1867
1868
1869
1870
1871
1872
1873
1874
1875
1876
1877
1878
1879
1880
1881
1882
1883
1884
1885
1886
1887
1888
1889
1890
1891
1892
1893
1894
1895
1896
1897
1898
1899
1900
1901
1902
1903
1904
1905
1906
1907
1908
1909
1910
1911
1912
1913
1914
1915
1916
1917
1918
1919
1920
1921
1922
1923
1924
1925
1926
1927
1928
1929
1930
1931
1932
1933
1934
1935
1936
1937
1938
1939
1940
1941
1942
1943
1944
1945
1946
1947
1948
1949
1950
1951
1952
1953
1954
1955
1956
1957
1958
1959
1960
1961
1962
1963
1964
1965
1966
1967
1968
1969
1970
1971
1972
1973
1974
1975
1976
1977
1978
1979
1980
1981
1982
1983
1984
1985
1986
1987
1988
1989
1990
1991
1992
1993
1994
1995
1996
1997
1998
1999
2000
2001
2002
2003
2004
2005
2006
2007
2008
2009
2010
2011
2012
2013
2014
2015
2016
2017
2018
2019
2020
2021
2022
2023
2024
2025
2026
2027
2028
2029
2030
2031
2032
2033
2034
2035
2036
2037
2038
2039
2040
2041
2042
2043
2044
2045
2046
2047
2048
2049
2050
2051
2052
2053
2054
2055
2056
2057
2058
2059
2060
2061
2062
2063
2064
2065
2066
2067
2068
2069
2070
2071
2072
2073
2074
2075
2076
2077
2078
2079
2080
2081
2082
2083
2084
2085
2086
2087
2088
2089
2090
2091
2092
2093
2094
2095
2096
2097
2098
2099
2100
2101
2102
2103
2104
2105
2106
2107
2108
2109
2110
2111
2112
2113
2114
2115
2116
2117
2118
2119
2120
2121
2122
2123
2124
2125
2126
2127
2128
2129
2130
2131
2132
2133
2134
2135
2136
2137
2138
2139
2140
2141
2142
2143
2144
2145
2146
2147
2148
2149
2150
2151
2152
2153
2154
2155
2156
2157
2158
2159
2160
2161
2162
2163
2164
2165
2166
2167
2168
2169
2170
2171
2172
2173
2174
2175
2176
2177
2178
2179
2180
2181
2182
2183
2184
2185
2186
2187
2188
2189
2190
2191
2192
2193
2194
2195
2196
2197
2198
2199
2200
2201
2202
2203
2204
2205
2206
2207
2208
2209
2210
2211
2212
2213
2214
2215
2216
2217
2218
2219
2220
2221
2222
2223
2224
2225
2226
2227
2228
2229
2230
2231
2232
2233
2234
2235
2236
2237
2238
2239
2240
2241
2242
2243
2244
2245
2246
2247
2248
2249
2250
2251
2252
2253
2254
2255
2256
2257
2258
2259
2260
2261
2262
2263
2264
2265
2266
2267
2268
2269
2270
2271
2272
2273
2274
2275
2276
2277
2278
2279
2280
2281
2282
2283
2284
2285
2286
2287
2288
2289
2290
2291
2292
2293
2294
2295
2296
2297
2298
2299
2300
2301
2302
2303
2304
2305
2306
2307
2308
2309
2310
2311
2312
2313
2314
2315
2316
2317
2318
2319
2320
2321
2322
2323
2324
2325
2326
2327
2328
2329
2330
2331
2332
2333
2334
2335
2336
2337
2338
2339
2340
2341
2342
2343
2344
2345
2346
2347
2348
2349
2350
2351
2352
2353
2354
2355
2356
2357
2358
2359
2360
2361
2362
2363
2364
2365
2366
2367
2368
2369
2370
2371
2372
2373
2374
2375
2376
2377
2378
2379
2380
2381
2382
2383
2384
2385
2386
2387
2388
2389
2390
2391
2392
2393
2394
2395
2396
2397
2398
2399
2400
2401
2402
2403
2404
2405
2406
2407
2408
2409
2410
2411
2412
2413
2414
2415
2416
2417
2418
2419
2420
2421
2422
2423
2424
2425
2426
2427
2428
2429
2430
2431
2432
2433
2434
2435
2436
2437
2438
2439
2440
2441
2442
2443
2444
2445
2446
2447
2448
2449
2450
2451
2452
2453
2454
2455
2456
2457
2458
2459
2460
2461
2462
2463
2464
2465
2466
2467
2468
2469
2470
2471
2472
2473
2474
2475
2476
2477
2478
2479
2480
2481
2482
2483
2484
2485
2486
2487
2488
2489
2490
2491
2492
2493
2494
2495
2496
2497
2498
2499
2500
2501
2502
2503
2504
2505
2506
2507
2508
2509
2510
2511
2512
2513
2514
2515
2516
2517
2518
2519
2520
2521
2522
2523
2524
2525
2526
2527
2528
2529
2530
2531
2532
2533
2534
2535
2536
2537
2538
2539
2540
2541
2542
2543
2544
2545
2546
2547
2548
2549
2550
2551
2552
2553
2554
2555
2556
2557
2558
2559
2560
2561
2562
2563
2564
2565
2566
2567
2568
2569
2570
2571
2572
2573
2574
2575
2576
2577
2578
2579
2580
2581
2582
2583
2584
2585
2586
2587
2588
2589
2590
2591
2592
2593
2594
2595
2596
2597
2598
2599
2600
2601
2602
2603
2604
2605
2606
2607
2608
2609
2610
2611
2612
2613
2614
2615
2616
2617
2618
2619
2620
2621
2622
2623
2624
2625
2626
2627
2628
2629
2630
2631
2632
2633
2634
2635
2636
2637
2638
2639
2640
2641
2642
2643
2644
2645
2646
2647
2648
2649
2650
2651
2652
2653
2654
2655
2656
2657
2658
2659
2660
2661
2662
2663
2664
2665
2666
2667
2668
2669
2670
2671
2672
2673
2674
2675
2676
2677
2678
2679
2680
2681
2682
2683
2684
2685
2686
2687
2688
2689
2690
2691
2692
2693
2694
2695
2696
2697
2698
2699
2700
2701
2702
2703
2704
2705
2706
2707
2708
2709
2710
2711
2712
2713
2714
2715
2716
2717
2718
2719
2720
2721
2722
2723
2724
2725
2726
2727
2728
2729
2730
2731
2732
2733
2734
2735
2736
2737
2738
2739
2740
2741
2742
2743
2744
2745
2746
2747
2748
2749
2750
2751
2752
2753
2754
2755
2756
2757
2758
2759
2760
2761
2762
2763
2764
2765
2766
2767
2768
2769
2770
2771
2772
2773
2774
2775
2776
2777
2778
2779
2780
2781
2782
2783
2784
2785
2786
2787
2788
2789
2790
2791
2792
2793
2794
2795
2796
2797
2798
2799
2800
2801
2802
2803
2804
2805
2806
2807
2808
2809
2810
2811
2812
2813
2814
2815
2816
2817
2818
2819
2820
2821
2822
2823
2824
2825
2826
2827
2828
2829
2830
2831
2832
2833
2834
2835
2836
2837
2838
2839
2840
2841
2842
2843
2844
2845
2846
2847
2848
2849
2850
2851
2852
2853
2854
2855
2856
2857
2858
2859
2860
2861
2862
2863
2864
2865
2866
2867
2868
2869
2870
2871
2872
2873
2874
2875
2876
2877
2878
2879
2880
2881
2882
2883
2884
2885
2886
2887
2888
2889
2890
2891
2892
2893
2894
2895
2896
2897
2898
2899
2900
2901
2902
2903
2904
2905
2906
2907
2908
2909
2910
2911
2912
2913
2914
2915
2916
2917
2918
2919
2920
2921
2922
2923
2924
2925
2926
2927
2928
2929
2930
2931
2932
2933
2934
2935
2936
2937
2938
2939
2940
2941
2942
2943
2944
2945
2946
2947
2948
2949
2950
2951
2952
2953
2954
2955
2956
2957
2958
2959
2960
2961
2962
2963
2964
2965
2966
2967
2968
2969
2970
2971
2972
2973
2974
2975
2976
2977
2978
2979
2980
2981
2982
2983
2984
2985
2986
2987
2988
2989
2990
2991
2992
2993
2994
2995
2996
2997
2998
2999
3000
3001
3002
3003
3004
3005
3006
3007
3008
3009
3010
3011
3012
3013
3014
3015
3016
3017
3018
3019
3020
3021
3022
3023
3024
3025
3026
3027
3028
3029
3030
3031
3032
3033
3034
3035
3036
3037
3038
3039
3040
3041
3042
3043
3044
3045
3046
3047
3048
3049
3050
3051
3052
3053
3054
3055
3056
3057
3058
3059
3060
3061
3062
3063
3064
3065
3066
3067
3068
3069
3070
3071
3072
3073
3074
3075
3076
3077
3078
3079
3080
3081
3082
3083
3084
3085
3086
3087
3088
3089
3090
3091
3092
3093
3094
3095
3096
3097
3098
3099
3100
3101
3102
3103
3104
3105
3106
3107
3108
3109
3110
3111
3112
3113
3114
3115
3116
3117
3118
3119
3120
3121
3122
3123
3124
3125
3126
3127
3128
3129
3130
3131
3132
3133
3134
3135
3136
3137
3138
3139
3140
3141
3142
3143
3144
3145
3146
3147
3148
3149
3150
3151
3152
3153
3154
3155
3156
3157
3158
3159
3160
3161
3162
3163
3164
3165
3166
3167
3168
3169
3170
3171
3172
3173
3174
3175
3176
3177
3178
3179
3180
3181
3182
3183
3184
3185
3186
3187
3188
3189
3190
3191
3192
3193
3194
3195
3196
3197
3198
3199
3200
3201
3202
3203
3204
3205
3206
3207
3208
3209
3210
3211
3212
3213
3214
3215
3216
3217
3218
3219
3220
3221
3222
3223
3224
3225
3226
3227
3228
3229
3230
3231
3232
3233
3234
3235
3236
3237
3238
3239
3240
3241
3242
3243
3244
3245
3246
3247
3248
3249
3250
3251
3252
3253
3254
3255
3256
3257
3258
3259
3260
3261
3262
3263
3264
3265
3266
3267
3268
3269
3270
3271
3272
3273
3274
3275
3276
3277
3278
3279
3280
3281
3282
3283
3284
3285
3286
3287
3288
3289
3290
3291
3292
3293
3294
3295
3296
3297
3298
3299
3300
3301
3302
3303
3304
3305
3306
3307
3308
3309
3310
3311
3312
3313
3314
3315
3316
3317
3318
3319
3320
3321
3322
3323
3324
3325
3326
3327
3328
3329
3330
3331
3332
3333
3334
3335
3336
3337
3338
3339
3340
3341
3342
3343
3344
3345
3346
3347
3348
3349
3350
3351
3352
3353
3354
3355
3356
3357
3358
3359
3360
3361
3362
3363
3364
3365
3366
3367
3368
3369
3370
3371
3372
3373
3374
3375
3376
3377
3378
3379
3380
3381
3382
3383
3384
3385
3386
3387
3388
3389
3390
3391
3392
3393
3394
3395
3396
3397
3398
3399
3400
3401
3402
3403
3404
3405
3406
3407
3408
3409
3410
3411
3412
3413
3414
3415
3416
3417
3418
3419
3420
3421
3422
3423
3424
3425
3426
3427
3428
3429
3430
3431
3432
3433
3434
3435
3436
3437
3438
3439
3440
3441
3442
3443
3444
3445
3446
3447
3448
3449
3450
3451
3452
3453
3454
3455
3456
3457
3458
3459
3460
3461
3462
3463
3464
3465
3466
3467
3468
3469
3470
3471
3472
3473
3474
3475
3476
3477
3478
3479
3480
3481
3482
3483
3484
3485
3486
3487
3488
3489
3490
3491
3492
3493
3494
3495
3496
3497
3498
3499
3500
3501
3502
3503
3504
3505
3506
3507
3508
3509
3510
3511
3512
3513
3514
3515
3516
3517
3518
3519
3520
3521
3522
3523
3524
3525
3526
3527
3528
3529
3530
3531
3532
3533
3534
3535
3536
3537
3538
3539
3540
3541
3542
3543
3544
3545
3546
3547
3548
3549
3550
3551
3552
3553
3554
3555
3556
3557
3558
3559
3560
3561
3562
3563
3564
3565
3566
3567
3568
3569
3570
3571
3572
3573
3574
3575
3576
3577
3578
3579
3580
3581
3582
3583
3584
3585
3586
3587
3588
3589
3590
3591
3592
3593
3594
3595
3596
3597
3598
3599
3600
3601
3602
3603
3604
3605
3606
3607
3608
3609
3610
3611
3612
3613
3614
3615
3616
3617
3618
3619
3620
3621
3622
3623
3624
3625
3626
3627
3628
3629
3630
3631
3632
3633
3634
3635
3636
3637
3638
3639
3640
3641
3642
3643
3644
3645
3646
3647
3648
3649
3650
3651
3652
3653
3654
3655
3656
3657
3658
3659
3660
3661
3662
3663
3664
3665
3666
3667
3668
3669
3670
3671
3672
3673
3674
3675
3676
3677
3678
3679
3680
3681
3682
3683
3684
3685
3686
3687
3688
3689
3690
3691
3692
3693
3694
3695
3696
3697
3698
3699
3700
3701
3702
3703
3704
3705
3706
3707
3708
3709
3710
3711
3712
3713
3714
3715
3716
3717
3718
3719
3720
3721
3722
3723
3724
3725
3726
3727
3728
3729
3730
3731
3732
3733
3734
3735
3736
3737
3738
3739
3740
3741
3742
3743
3744
3745
3746
3747
3748
3749
3750
3751
3752
3753
3754
3755
3756
3757
3758
3759
3760
3761
3762
3763
3764
3765
3766
3767
3768
3769
3770
3771
3772
3773
3774
3775
3776
3777
3778
3779
3780
3781
3782
3783
3784
3785
3786
3787
3788
3789
3790
3791
3792
3793
3794
3795
3796
3797
3798
3799
3800
3801
3802
3803
3804
3805
3806
3807
3808
3809
3810
3811
3812
3813
3814
3815
3816
3817
3818
3819
3820
3821
3822
3823
3824
3825
3826
3827
3828
3829
3830
3831
3832
3833
3834
3835
3836
3837
3838
3839
3840
3841
3842
3843
3844
3845
3846
3847
3848
3849
3850
3851
3852
3853
3854
3855
3856
3857
3858
3859
3860
3861
3862
3863
3864
3865
3866
3867
3868
3869
3870
3871
3872
3873
3874
3875
3876
3877
3878
3879
3880
3881
3882
3883
3884
3885
3886
3887
3888
3889
3890
3891
3892
3893
3894
3895
3896
3897
3898
3899
3900
3901
3902
3903
3904
3905
3906
3907
3908
3909
3910
3911
3912
3913
3914
3915
3916
3917
3918
3919
3920
3921
3922
3923
3924
3925
3926
3927
3928
3929
3930
3931
3932
3933
3934
3935
3936
3937
3938
3939
3940
3941
3942
3943
3944
3945
3946
3947
3948
3949
3950
3951
3952
3953
3954
3955
3956
3957
3958
3959
3960
3961
3962
3963
3964
3965
3966
3967
3968
3969
3970
3971
3972
3973
3974
3975
3976
3977
3978
3979
3980
3981
3982
3983
3984
3985
3986
3987
3988
3989
3990
3991
3992
3993
3994
3995
3996
3997
3998
3999
4000
4001
4002
4003
4004
4005
4006
4007
4008
4009
4010
4011
4012
4013
4014
4015
4016
4017
4018
4019
4020
4021
4022
4023
4024
4025
4026
4027
4028
4029
4030
4031
4032
4033
4034
4035
4036
4037
4038
4039
4040
4041
4042
4043
4044
4045
4046
4047
4048
4049
4050
4051
4052
4053
4054
4055
4056
4057
4058
4059
4060
4061
4062
4063
4064
4065
4066
4067
4068
4069
4070
4071
4072
4073
4074
4075
4076
4077
4078
4079
4080
4081
4082
4083
4084
4085
4086
4087
4088
4089
4090
4091
4092
4093
4094
4095
4096
4097
4098
4099
4100
4101
4102
4103
4104
4105
4106
4107
4108
4109
4110
4111
4112
4113
4114
4115
4116
4117
4118
4119
4120
4121
4122
4123
4124
4125
4126
4127
4128
4129
4130
4131
4132
4133
4134
4135
4136
4137
4138
4139
4140
4141
4142
4143
4144
4145
4146
4147
4148
4149
4150
4151
4152
4153
4154
4155
4156
4157
4158
4159
4160
4161
4162
4163
4164
4165
4166
4167
4168
4169
4170
4171
4172
4173
4174
4175
4176
4177
4178
4179
4180
4181
4182
4183
4184
4185
4186
4187
4188
4189
4190
4191
4192
4193
4194
4195
4196
4197
4198
4199
4200
4201
4202
4203
4204
4205
4206
4207
4208
4209
4210
4211
4212
4213
4214
4215
4216
4217
4218
4219
4220
4221
4222
4223
4224
4225
4226
4227
4228
4229
4230
4231
4232
4233
4234
4235
4236
4237
4238
4239
4240
4241
4242
4243
4244
4245
4246
4247
4248
4249
4250
4251
4252
4253
4254
4255
4256
4257
4258
4259
4260
4261
4262
4263
4264
4265
4266
4267
4268
4269
4270
4271
4272
4273
4274
4275
4276
4277
4278
4279
4280
4281
4282
4283
4284
4285
4286
4287
4288
4289
4290
4291
4292
4293
4294
4295
4296
4297
4298
4299
4300
4301
4302
4303
4304
4305
4306
4307
4308
4309
4310
4311
4312
4313
4314
4315
4316
4317
4318
4319
4320
4321
4322
4323
4324
4325
4326
4327
4328
4329
4330
4331
4332
4333
4334
4335
4336
4337
4338
4339
4340
4341
4342
4343
4344
4345
4346
4347
4348
4349
4350
4351
4352
4353
4354
4355
4356
4357
4358
4359
4360
4361
4362
4363
4364
4365
4366
4367
4368
4369
4370
4371
4372
4373
4374
4375
4376
4377
4378
4379
4380
4381
4382
4383
4384
4385
4386
4387
4388
4389
4390
4391
4392
4393
4394
4395
4396
4397
4398
4399
4400
4401
4402
4403
4404
4405
4406
4407
4408
4409
4410
4411
4412
4413
4414
4415
4416
4417
4418
4419
4420
4421
4422
4423
4424
4425
4426
4427
4428
4429
4430
4431
4432
4433
4434
4435
4436
4437
4438
4439
4440
4441
4442
4443
4444
4445
4446
4447
4448
4449
4450
4451
4452
4453
4454
4455
4456
4457
4458
4459
4460
4461
4462
4463
4464
4465
4466
4467
4468
4469
4470
4471
4472
4473
4474
4475
4476
4477
4478
4479
4480
4481
4482
4483
4484
4485
4486
4487
4488
4489
4490
4491
4492
4493
4494
4495
4496
4497
4498
4499
4500
4501
4502
4503
4504
4505
4506
4507
4508
4509
4510
4511
4512
4513
4514
4515
4516
4517
4518
4519
4520
4521
4522
4523
4524
4525
4526
4527
4528
4529
4530
4531
4532
4533
4534
4535
4536
4537
4538
4539
4540
4541
4542
4543
4544
4545
4546
4547
4548
4549
4550
4551
4552
4553
4554
4555
4556
4557
4558
4559
4560
4561
4562
4563
4564
4565
4566
4567
4568
4569
4570
4571
4572
4573
4574
4575
4576
4577
4578
4579
4580
4581
4582
4583
4584
4585
4586
4587
4588
4589
4590
4591
4592
4593
4594
4595
4596
4597
4598
4599
4600
4601
4602
4603
4604
4605
4606
4607
4608
4609
4610
4611
4612
4613
4614
4615
4616
4617
4618
4619
4620
4621
4622
4623
4624
4625
4626
4627
4628
4629
4630
4631
4632
4633
4634
4635
4636
4637
4638
4639
4640
4641
4642
4643
4644
4645
4646
4647
4648
4649
4650
4651
4652
4653
4654
4655
4656
4657
4658
4659
4660
4661
4662
4663
4664
4665
4666
4667
4668
4669
4670
4671
4672
4673
4674
4675
4676
4677
4678
4679
4680
4681
4682
4683
4684
4685
4686
4687
4688
4689
4690
4691
4692
4693
4694
4695
4696
4697
4698
4699
4700
4701
4702
4703
4704
4705
4706
4707
4708
4709
4710
4711
4712
4713
4714
4715
4716
4717
4718
4719
4720
4721
4722
4723
4724
4725
4726
4727
4728
4729
4730
4731
4732
4733
4734
4735
4736
4737
4738
4739
4740
4741
4742
4743
4744
4745
4746
4747
4748
4749
4750
4751
4752
4753
4754
4755
4756
4757
4758
4759
4760
4761
4762
4763
4764
4765
4766
4767
4768
4769
4770
4771
4772
4773
4774
4775
4776
4777
4778
4779
4780
4781
4782
4783
4784
4785
4786
4787
4788
4789
4790
4791
4792
4793
4794
4795
4796
4797
4798
4799
4800
4801
4802
4803
4804
4805
4806
4807
4808
4809
4810
4811
4812
4813
4814
4815
4816
4817
4818
4819
4820
4821
4822
4823
4824
4825
4826
4827
4828
4829
4830
4831
4832
4833
4834
4835
4836
4837
4838
4839
4840
4841
4842
4843
4844
4845
4846
4847
4848
4849
4850
4851
4852
4853
4854
4855
4856
4857
4858
4859
4860
4861
4862
4863
4864
4865
4866
4867
4868
4869
4870
4871
4872
4873
4874
4875
4876
4877
4878
4879
4880
4881
4882
4883
4884
4885
4886
4887
4888
4889
4890
4891
4892
4893
4894
4895
4896
4897
4898
4899
4900
4901
4902
4903
4904
4905
4906
4907
4908
4909
4910
4911
4912
4913
4914
4915
4916
4917
4918
4919
4920
4921
4922
4923
4924
4925
4926
4927
4928
4929
4930
4931
4932
4933
4934
4935
4936
4937
4938
4939
4940
4941
4942
4943
4944
4945
4946
4947
4948
4949
4950
4951
4952
4953
4954
4955
4956
4957
4958
4959
4960
4961
4962
4963
4964
4965
4966
4967
4968
4969
4970
4971
4972
4973
4974
4975
4976
4977
4978
4979
4980
4981
4982
4983
4984
4985
4986
4987
4988
4989
4990
4991
4992
4993
4994
4995
4996
4997
4998
4999
5000
5001
5002
5003
5004
5005
5006
5007
5008
5009
5010
5011
5012
5013
5014
5015
5016
5017
5018
5019
5020
5021
5022
5023
5024
5025
5026
5027
5028
5029
5030
5031
5032
5033
5034
5035
5036
5037
5038
5039
5040
5041
5042
5043
5044
5045
5046
5047
5048
5049
5050
5051
5052
5053
5054
5055
5056
5057
5058
5059
5060
5061
5062
5063
5064
5065
5066
5067
5068
5069
5070
5071
5072
5073
5074
5075
5076
5077
5078
5079
5080
5081
5082
5083
5084
5085
5086
5087
5088
5089
5090
5091
5092
5093
5094
5095
5096
5097
5098
5099
5100
5101
5102
5103
5104
5105
5106
5107
5108
5109
5110
5111
5112
5113
5114
5115
5116
5117
5118
5119
5120
5121
5122
5123
5124
5125
5126
5127
5128
5129
5130
5131
5132
5133
5134
5135
5136
5137
5138
5139
5140
5141
5142
5143
5144
5145
5146
5147
5148
5149
5150
5151
5152
5153
5154
5155
5156
5157
5158
5159
5160
5161
5162
5163
5164
5165
5166
5167
5168
5169
5170
5171
5172
5173
5174
5175
5176
5177
5178
5179
5180
5181
5182
5183
5184
5185
5186
5187
5188
5189
5190
5191
5192
5193
5194
5195
5196
5197
5198
5199
5200
5201
5202
5203
5204
5205
5206
5207
5208
5209
5210
5211
5212
5213
5214
5215
5216
5217
5218
5219
5220
5221
5222
5223
5224
5225
5226
5227
5228
5229
5230
5231
5232
5233
5234
5235
5236
5237
5238
5239
5240
5241
5242
5243
5244
5245
5246
5247
5248
5249
5250
5251
5252
5253
5254
5255
5256
5257
5258
5259
5260
5261
5262
5263
5264
5265
5266
5267
5268
5269
5270
5271
5272
5273
5274
5275
5276
5277
5278
5279
5280
5281
5282
5283
5284
5285
5286
5287
5288
5289
5290
5291
5292
5293
5294
5295
5296
5297
5298
5299
5300
5301
5302
5303
5304
5305
5306
5307
5308
5309
5310
5311
5312
5313
5314
5315
5316
5317
5318
5319
5320
5321
5322
5323
5324
5325
5326
5327
5328
5329
5330
5331
5332
5333
5334
5335
5336
5337
5338
5339
5340
5341
5342
5343
5344
5345
5346
5347
5348
5349
5350
5351
5352
5353
5354
5355
5356
5357
5358
5359
5360
5361
5362
5363
5364
5365
5366
5367
5368
5369
5370
5371
5372
5373
5374
5375
5376
5377
5378
5379
5380
5381
5382
5383
5384
5385
5386
5387
5388
5389
5390
5391
5392
5393
5394
5395
5396
5397
5398
5399
5400
5401
5402
5403
5404
5405
5406
5407
5408
5409
5410
5411
5412
5413
5414
5415
5416
5417
5418
5419
5420
5421
5422
5423
5424
5425
5426
5427
5428
5429
5430
5431
5432
5433
5434
5435
5436
5437
5438
5439
5440
5441
5442
5443
5444
5445
5446
5447
5448
5449
5450
5451
5452
5453
5454
5455
5456
5457
5458
5459
5460
5461
5462
5463
5464
5465
5466
5467
5468
5469
5470
5471
5472
5473
5474
5475
5476
5477
5478
5479
5480
5481
5482
5483
5484
5485
5486
5487
5488
5489
5490
5491
5492
5493
5494
5495
5496
5497
5498
5499
5500
5501
5502
5503
5504
5505
5506
5507
5508
5509
5510
5511
5512
5513
5514
5515
5516
5517
5518
5519
5520
5521
5522
5523
5524
5525
5526
5527
5528
5529
5530
5531
5532
5533
5534
5535
5536
5537
5538
5539
5540
5541
5542
5543
5544
5545
5546
5547
5548
5549
5550
5551
5552
5553
5554
5555
5556
5557
5558
5559
5560
5561
5562
5563
5564
5565
5566
5567
5568
5569
5570
5571
5572
5573
5574
5575
5576
5577
5578
5579
5580
5581
5582
5583
5584
5585
5586
5587
5588
5589
5590
5591
5592
5593
5594
5595
5596
5597
5598
5599
5600
5601
5602
5603
5604
5605
5606
5607
5608
5609
5610
5611
5612
5613
5614
5615
5616
5617
5618
5619
5620
5621
5622
5623
5624
5625
5626
5627
5628
5629
5630
5631
5632
5633
5634
5635
5636
5637
5638
5639
5640
5641
5642
5643
5644
5645
5646
5647
5648
5649
5650
5651
5652
5653
5654
5655
5656
5657
5658
5659
5660
5661
5662
5663
5664
5665
5666
5667
5668
5669
5670
5671
5672
5673
5674
5675
5676
5677
5678
5679
5680
5681
5682
5683
5684
5685
5686
5687
5688
5689
5690
5691
5692
5693
5694
5695
5696
5697
5698
5699
5700
5701
5702
5703
5704
5705
5706
5707
5708
5709
5710
5711
5712
5713
5714
5715
5716
5717
5718
5719
5720
5721
5722
5723
5724
5725
5726
5727
5728
5729
5730
5731
5732
5733
5734
5735
5736
5737
5738
5739
5740
5741
5742
5743
5744
5745
5746
5747
5748
5749
5750
5751
5752
5753
5754
5755
5756
5757
5758
5759
5760
5761
5762
5763
5764
5765
5766
5767
5768
5769
5770
5771
5772
5773
5774
5775
5776
5777
5778
5779
5780
5781
5782
5783
5784
5785
5786
5787
5788
5789
5790
5791
5792
5793
5794
5795
5796
5797
5798
5799
5800
5801
5802
5803
5804
5805
5806
5807
5808
5809
5810
5811
5812
5813
5814
5815
5816
5817
5818
5819
5820
5821
5822
5823
5824
5825
5826
5827
5828
5829
5830
5831
5832
5833
5834
5835
5836
5837
5838
5839
5840
5841
5842
5843
5844
5845
5846
5847
5848
5849
5850
5851
5852
5853
5854
5855
5856
5857
5858
5859
5860
5861
5862
5863
5864
5865
5866
5867
5868
5869
5870
5871
5872
5873
5874
5875
5876
5877
5878
5879
5880
5881
5882
5883
5884
5885
5886
5887
5888
5889
5890
5891
5892
5893
5894
5895
5896
5897
5898
5899
5900
5901
5902
5903
5904
5905
5906
5907
5908
5909
5910
5911
5912
5913
5914
5915
5916
5917
5918
5919
5920
5921
5922
5923
5924
5925
5926
5927
5928
5929
5930
5931
5932
5933
5934
5935
5936
5937
5938
5939
5940
5941
5942
5943
5944
5945
5946
5947
5948
5949
5950
5951
5952
5953
5954
5955
5956
5957
5958
5959
5960
5961
5962
5963
5964
5965
5966
5967
5968
5969
5970
5971
5972
5973
5974
5975
5976
5977
5978
5979
5980
5981
5982
5983
5984
5985
5986
5987
5988
5989
5990
5991
5992
5993
5994
5995
5996
5997
5998
5999
6000
